Game 1
47120
61038
69059
75990
72526
57592
53858
68147
79749
79809
80730
67084
87098
56302
49946
49125
72728
85756
92461
72979
99880
62260
97574
101915
106542
116590
118170
1
['s', 'w', 25, 161, 55, 59, 29, 45, 15, 37, 'a', 153, 'w', 157, 65, 87, 165, 201, 'a', 197, 193, 213, 209, 'w', 21, 's', 7, 280, 2, 278, 36, 276, 70, 242, 68, 208, 102, 174, 136, 176, 138, 178, 140, 180, 142, 182, 144, 184, 146, 186, 148, 152, 150, 118, 152, 116, 186, 114, 184, 112, 182, 110, 180, 108, 178, 106, 176, 104, 174, 102, 208, 68, 242, 34, 276]
Game 2
46590
60453
66767
79312
67946
58907
57273
68958
81032
76860
77689
64902
91748
79366
94280
71278
77096
72574
69445
68900
107030
110932
158077
165972
176670
184635
209459
1
['s', 'w', 23, 159, 61, 57, 19, 39, 1, 47, 'd', 133, 'w', 129, 51, 29, 163, 257, 155, 91, 125, 87, 171, 'w', 'd', 'w', 141, 212, 14, 246, 16, 244, 50, 242, 84, 240, 118, 238, 116, 204, 114, 170, 112, 136, 110, 102, 108, 104, 106, 108.0, 140, 110.0, 138, 112.0, 136, 114.0, 170, 116.0, 204, 82.0, 238, 48.0, 272]
