Game 1
47116
58963
67625
76475
68869
65454
70872
70395
67493
65627
61755
94860
35807
97612
56828
86466
67799
101723
91726
126744
111582
133918
143044
144430
1
['s', 'w', 25, 161, 21, 157, 29, 165, 17, 187, 99, 'w', 115, 191, 195, 59, 45, 123, 75, 53, 247, 71, 'a', 231, 38, 214, 36, 216, 34, 182, 68, 180, 102, 178, 136, 176, 170, 174, 172, 170.0, 174, 136.0, 176, 138.0, 178, 140.0, 180, 142.0, 182, 144.0, 216, 110.0, 218, 112.0, 252, 114.0, 286]
Game 2
47589
61618
74468
77540
74325
56416
56812
67614
83021
76825
77268
63772
86130
56894
48520
50343
79000
80795
90475
70367
98763
61550
98806
102257
107785
117377
118676
1
['s', 'w', 25, 161, 55, 59, 29, 45, 15, 37, 'a', 153, 'w', 157, 65, 19, 165, 201, 'a', 197, 193, 213, 209, 'w', 5, 's', 245, 212, 2, 210, 0, 244, 34, 278, 68, 276, 102, 242, 136, 208, 138, 174, 140, 176, 142, 178, 144, 180, 146, 182, 148, 184, 150, 186, 152, 118.0, 186, 116.0, 184, 114.0, 182, 112.0, 180, 110.0, 178, 108.0, 176, 106.0, 174, 104.0, 208, 70.0, 242, 36.0, 276]
