Game 1
39843
51202
59263
54699
49777
52283
51642
50000
48906
46702
46524
48228
49076
45748
42906
47623
48794
48819
52357
68900
64230
64903
58887
65054
88636
101136
119778
122582
131892
163694
177989
193372
0
['s', 'w', 25, 263, 21, 259, 29, 267, 17, 255, 'd', 'd', 'd', 'd', 65, 235, 129, 197, 's', 'w', 61, 231, 57, 227, 179, 223, 53, 'd', 's', 'w', 'd', 115, 82, 150, 80, 116, 114, 82, 112, 80, 110, 78, 144, 76, 178, 74, 212, 72, 210, 70, 208, 68, 206, 34, 204, 36, 238, 38, 240, 40, 242, 42, 244, 44, 246, 46, 248, 48, 250, 50, 252, 16]
