Game 1
46521
63800
72975
73587
76483
56379
57500
69542
82489
83200
84636
64458
84772
56705
47976
50899
70958
60534
94689
44485
90314
51584
63859
119499
124017
130791
134943
144286
151656
150959
159127
157575
169451
167877
191680
195552
206605
214006
230831
212734
242418
252312
272526
360310
366526
0
['s', 'w', 25, 161, 55, 59, 29, 45, 15, 37, 'a', 153, 'w', 157, 65, 19, 'a', 265, 165, 269, 131, 151, 183, 'd', 'a', 'd', 'a', 'd', 's', 'w', 's', 'd', 's', 'w', 'd', 'w', 'd', 'w', 'd', 'a', 'd', 'a', 109, 'a', 73, 78, 112, 76, 114, 74, 116, 108, 118, 142, 152, 140, 186, 106, 220, 104, 254, 70, 252, 36, 250, 34, 248, 0]
Game 2
45727
62731
64850
76917
73008
57629
58875
67455
81364
78560
77333
63702
89620
78678
81659
61508
83601
71615
80628
81951
95208
97873
130610
134587
140223
1
['s', 'w', 25, 161, 55, 59, 29, 45, 15, 37, 'a', 119, 'w', 123, 65, 87, 227, 233, 247, 265, 223, 269, 209, 's', 205, 278, 4, 276, 2, 274, 36, 272, 70, 238, 68, 204, 102, 170, 104, 136, 106, 138, 108, 140, 110, 142, 144, 146.0, 142, 112.0, 176, 110.0, 174, 108.0, 172, 106.0, 170, 104.0, 204, 102.0, 238, 68.0, 272]
