Game 1
46981
61600
71110
78408
67669
61055
56219
68277
81310
80447
78084
68493
90105
59591
46898
51085
77064
83353
88641
71506
97560
61821
79659
84895
89864
116654
121096
128919
129260
134996
135467
139173
138949
0
['s', 'w', 23, 159, 61, 57, 19, 39, 1, 47, 'd', 167, 'w', 163, 51, 29, 155, 187, 'd', 191, 195, 'd', 215, 's', 267, 119, 'd', 'd', 'd', 'd', 's', 'd', 95, 254, 84, 220, 118, 186, 152, 184, 150, 182, 148, 180, 146, 178, 144, 176, 142, 174, 140, 172, 138, 170, 136, 138, 170, 140, 172, 106, 174, 108, 176, 110, 178, 112, 180, 114, 182, 116, 216, 82, 250, 48, 252, 50, 254, 16]
