Game 1
46547
60308
72530
72596
68162
59228
54998
67453
81069
84391
79042
65381
87741
55806
49077
47044
77238
81888
88149
70439
97034
61867
78651
84044
86910
115819
120614
127847
128190
134527
134410
138628
138817
0
['s', 'w', 23, 159, 61, 57, 19, 39, 1, 47, 'd', 167, 'w', 163, 51, 29, 155, 187, 'd', 191, 195, 'd', 215, 's', 267, 119, 'd', 'd', 'd', 'd', 's', 'd', 95, 254, 84, 220, 118, 186, 152, 184, 150, 182, 148, 180, 146, 178, 144, 176, 142, 174, 140, 172, 138, 170, 136, 138, 170, 140, 172, 106, 174, 108, 176, 110, 178, 112, 180, 114, 182, 116, 216, 82, 250, 48, 252, 50, 254, 16]
Game 2
46018
61382
68510
73234
67374
59904
54501
67232
78544
96242
107923
35610
110782
33247
118392
63810
119348
90408
143435
82997
115610
64657
68257
98087
100984
103745
150752
1
['s', 'w', 23, 159, 61, 57, 19, 39, 'd', 11, 'w', 119, 'a', 129, 47, 123, 111, 141, 99, 235, 223, 29, 227, 'd', 231, 'a', 205, 280, 6, 278, 4, 276, 2, 274, 0, 272, 34, 238, 68, 204, 102, 170, 104, 172, 106, 206, 108, 208, 74, 210, 76, 176, 78, 178, 112, 180, 114, 146, 116, 148, 150, 152.0, 184, 118.0, 218, 116.0, 216, 114.0, 214, 80.0, 212, 78.0, 210, 76.0, 208, 110.0, 174, 108.0, 172, 106.0, 170, 72.0, 204, 38.0, 238, 36.0, 272]
