Game 1
47088
59305
73445
64985
54680
65119
61871
60447
57433
54666
55063
58946
56462
54198
59571
57472
60427
59585
70146
93200
79238
81642
79462
87050
98124
124567
147140
155356
174655
182320
219813
241113
0
['s', 'w', 25, 263, 21, 259, 29, 267, 17, 255, 'd', 'd', 'd', 'd', 65, 235, 129, 197, 's', 'w', 61, 231, 57, 227, 179, 223, 53, 'd', 's', 'w', 'd', 115, 82, 150, 80, 116, 114, 82, 112, 80, 110, 78, 144, 76, 178, 74, 212, 72, 210, 70, 208, 68, 206, 34, 204, 36, 238, 38, 240, 40, 242, 42, 244, 44, 246, 46, 248, 48, 250, 50, 252, 16]
Game 2
46251
62572
67897
76684
67886
59060
54055
69832
82586
79792
84494
61434
95856
82744
91465
71396
84133
72482
70477
62596
90766
99210
76441
135087
150468
163849
176007
179872
186868
1
['s', 'w', 23, 159, 61, 57, 19, 39, 1, 47, 'd', 133, 'w', 129, 51, 29, 163, 259, 155, 267, 'd', 255, 'd', 'a', 227, 'd', 247, 'a', 107, 242, 16, 208, 50, 174, 84, 176, 118, 178, 116, 180, 114, 182, 112, 184, 110, 150, 144, 148, 146, 144.0, 148, 110.0, 150, 112.0, 184, 114.0, 218, 116.0, 252, 82.0, 254, 48.0, 288]
