Game 1
47823
60077
72258
78930
72759
57517
59013
67913
81395
79560
78117
60404
84881
57165
48060
51070
81433
81365
89418
70283
98248
60135
76957
83185
92266
102707
103006
108699
108899
0
['s', 'w', 25, 161, 55, 59, 29, 45, 15, 37, 'a', 153, 'w', 157, 65, 19, 165, 201, 'a', 197, 193, 'a', 189, 255, 209, 's', 'a', 'a', 69, 242, 0, 208, 34, 206, 68, 204, 102, 170, 136, 172, 138, 174, 140, 176, 142, 178, 144, 180, 146, 182, 148, 184, 150, 186, 152, 118.0, 186, 116.0, 184, 114.0, 182, 112.0, 180, 110.0, 178, 108.0, 176, 106.0, 174, 104.0, 172, 70.0, 170, 36.0, 204, 34.0, 238, 0.0]
Game 2
46601
65856
70407
77927
66508
58648
57749
68026
80637
83887
76448
67513
96162
98861
150175
97795
153616
112863
161548
83265
140163
93786
166828
168589
170242
174546
177902
1
['s', 'w', 23, 159, 61, 57, 19, 39, 1, 47, 'd', 133, 79, 97, 'w', 233, 'd', 263, 229, 249, 51, 269, 225, 'a', 207, 's', 165, 276, 14, 274, 48, 240, 82, 206, 84, 172, 118, 138, 116, 140, 114, 142, 148, 144, 150, 146, 152, 148, 186, 114, 220, 116, 254, 118, 252, 84, 250, 50, 284]
