Game 1
47654
62080
72308
73523
70691
73654
65846
60854
72913
96879
103619
39434
112070
48817
87024
58030
56760
79166
79843
74718
88971
79716
87014
79661
82970
76099
99445
103154
110126
184697
223901
95097
96088
85215
118650
121628
244745
256725
288974
292659
0
['s', 'w', 23, 159, 95, 59, 53, 41, 'd', 11, 'w', 'd', 99, 'w', 111, 'a', 175, 's', 211, 's', 'a', 'a', 'a', 'a', 'a', 'w', 's', 'w', 189, 255, 85, 259, 19, 39, 'a', 223, 'a', 147, 'w', 123, 34, 206, 68, 204, 70, 170, 72, 136, 106, 102, 104, 106.0, 138, 72.0, 172, 70.0, 170, 68.0, 204, 34.0, 238, 0.0]
Game 2
46519
61447
63494
61442
63341
63009
61431
58879
56399
56045
54409
59092
57364
55645
60013
56487
59957
59771
70206
92844
80182
81970
75862
90955
97627
124337
147789
156019
179083
211913
220834
243818
0
['s', 'w', 25, 263, 21, 259, 29, 267, 17, 255, 'd', 'd', 'd', 'd', 65, 235, 129, 197, 's', 'w', 61, 231, 57, 227, 179, 223, 53, 'd', 's', 'w', 'd', 115, 82, 150, 80, 116, 114, 82, 112, 80, 110, 78, 144, 76, 178, 74, 212, 72, 210, 70, 208, 68, 206, 34, 204, 36, 238, 38, 240, 40, 242, 42, 244, 44, 246, 46, 248, 48, 250, 50, 252, 16]
