Game 1
46759
64070
74050
73776
60566
63916
60825
58892
57392
55437
54285
58094
57289
55594
57342
56844
62565
62064
67192
89129
81194
85057
85074
86478
96635
120941
143946
156559
168063
201774
191647
234808
0
['s', 'w', 25, 263, 21, 259, 29, 267, 17, 255, 'd', 'd', 'd', 'd', 65, 235, 129, 197, 's', 'w', 61, 231, 57, 227, 53, 223, 179, 'd', 'd', 'w', 's', 115, 82, 150, 80, 116, 114, 82, 112, 80, 110, 78, 144, 76, 178, 74, 212, 72, 210, 70, 208, 68, 206, 34, 204, 36, 238, 38, 240, 40, 242, 42, 244, 44, 246, 46, 248, 48, 250, 50, 252, 16]
Game 2
47340
59948
66749
73734
60601
64390
61528
60030
57427
54802
55031
58171
56642
57123
55154
56446
58548
58996
71779
91883
83269
79558
83262
90823
99140
119325
143936
157596
169026
199443
215054
243340
0
['s', 'w', 25, 263, 21, 259, 29, 267, 17, 255, 'd', 'd', 'd', 'd', 65, 235, 129, 197, 's', 'w', 61, 231, 57, 227, 53, 223, 179, 'd', 'd', 'w', 's', 115, 82, 150, 80, 116, 114, 82, 112, 80, 110, 78, 144, 76, 178, 74, 212, 72, 210, 70, 208, 68, 206, 34, 204, 36, 238, 38, 240, 40, 242, 42, 244, 44, 246, 46, 248, 48, 250, 50, 252, 16]
