Game 1
46180
60231
74771
71608
60699
66671
62216
59924
56938
55447
54829
57828
56963
55002
58490
57733
57225
60217
69513
91534
75598
79938
79660
89120
102007
124105
150029
159752
167234
218144
220082
241115
0
['s', 'w', 25, 263, 21, 259, 29, 267, 17, 255, 'd', 'd', 'd', 'd', 65, 235, 129, 197, 's', 'w', 61, 231, 57, 227, 179, 223, 53, 'd', 's', 'w', 'd', 115, 82, 150, 80, 116, 114, 82, 112, 80, 110, 78, 144, 76, 178, 74, 212, 72, 210, 70, 208, 68, 206, 34, 204, 36, 238, 38, 240, 40, 242, 42, 244, 44, 246, 46, 248, 48, 250, 50, 252, 16]
Game 2
47463
65497
72798
77892
72580
58011
57331
72755
82099
67763
104981
36900
115842
37149
114572
74361
139092
70758
108604
77200
110122
73986
72991
148649
152834
153767
165835
165566
169096
173897
187239
210606
212636
0
['s', 'w', 25, 161, 55, 59, 29, 45, 'a', 5, 'w', 133, 'd', 129, 213, 109, 51, 147, 157, 221, 249, 7, 177, 'a', 'd', 'w', 'd', 'a', 'd', 'a', 189, 'a', 137, 170, 16, 136, 50, 102, 84, 68, 118, 70, 116, 72, 114, 74, 112, 76, 78, 110, 76, 112, 74, 114, 108, 80, 142, 46, 140, 48, 138, 50, 172, 16]
