Game 1
46767
61489
64065
77414
67629
68135
68882
64741
73352
72145
77361
81910
84288
101570
55652
112941
86465
135004
67490
173000
141948
92309
165060
172983
198181
206861
1
['s', 'w', 23, 159, 27, 163, 19, 155, 65, 235, 119, 'w', 13, 107, 105, 57, 181, 53, 5, 's', 205, 265, 'd', 45, 's', 93, 76, 248, 74, 250, 108, 216, 142, 182, 144, 184, 146, 150, 148, 116, 150, 114, 184, 112, 218, 110, 216, 108, 250, 74, 252, 72, 286]
Game 2
46502
59443
67481
75665
67457
59968
54821
67973
84059
56283
107805
37533
111144
57197
142624
68980
137385
95924
145534
116453
166719
94050
214209
267111
307899
0
['s', 'w', 23, 159, 61, 57, 19, 39, 'd', 11, 'w', 187, 75, 'a', 225, 253, 99, 31, 211, 205, 259, 255, 137, 37, 155, 242, 8, 240, 6, 206, 4, 208, 2, 174, 0, 176, 34, 178, 68, 180, 102, 146, 104, 112, 138, 78, 140, 80, 142, 82, 144, 48, 146, 46, 180, 12]
