Game 1
47540
59751
66401
79099
68034
59512
56527
68819
83345
83820
80904
66970
87960
57538
47186
48507
74673
80367
88688
70147
96091
67844
73733
80527
79081
93976
103083
0
['s', 'w', 23, 159, 61, 57, 19, 39, 1, 47, 'd', 167, 'w', 163, 51, 29, 155, 221, 'd', 225, 229, 'd', 215, 's', 267, 103, 77, 284, 14, 286, 16, 288, 50, 254, 84, 220, 118, 186, 152, 184, 150, 182, 148, 180, 146, 178, 144, 176, 110, 174, 108, 172, 106, 170, 72, 136, 70, 102, 68, 70, 102, 104, 136, 138, 170, 140, 172, 142, 174, 144, 176, 146, 178, 112, 180, 114, 182, 116, 216, 82, 250, 48, 252, 50, 254, 16]
Game 2
47223
59192
75192
65079
57980
63337
61236
59692
57395
55081
54693
58692
56276
57160
58548
55767
56010
60555
76139
89655
77809
80103
84068
86369
102595
123667
148975
157338
172070
192549
212671
197477
204598
215937
0
['s', 'w', 25, 263, 21, 259, 29, 267, 17, 255, 'd', 'd', 'd', 'd', 65, 235, 129, 197, 's', 'w', 61, 231, 57, 227, 179, 223, 53, 'd', 'd', 'w', 's', 'a', 's', 153, 148, 146, 144.0, 142.0, 178.0, 108.0, 212.0, 74.0, 210.0, 72.0, 208.0, 70.0, 206.0, 68.0, 204.0, 34.0, 238.0, 36.0, 240.0, 38.0, 242.0, 40.0, 244.0, 42.0, 246.0, 44.0, 248.0, 46.0, 250.0, 48.0, 252.0, 50.0, 254.0, 16.0]
