Game 1
47906
70040
74078
78081
73497
58429
57092
67506
83056
83852
82373
62759
88767
57171
47344
48525
78973
83627
90053
71064
98689
62560
75469
84880
88105
101624
104418
109661
109971
114690
114699
0
['s', 'w', 25, 161, 55, 59, 29, 45, 15, 37, 'a', 153, 'w', 157, 65, 19, 165, 201, 'a', 197, 193, 'a', 209, 's', 257, 117, 'a', 'a', 'a', 'a', 81, 272, 34, 238, 68, 204, 102, 170, 136, 172, 138, 174, 140, 176, 142, 178, 144, 180, 146, 182, 148, 184, 150, 186, 116, 152, 82, 118, 84, 82, 118, 116, 152, 150, 186, 148, 184, 114, 182, 112, 180, 110, 178, 108, 176, 106, 174, 104, 208, 70, 242, 36, 240, 34, 238, 0]
Game 2
46776
70426
66649
76735
63029
64726
62285
59160
57772
55592
55444
57859
56857
54884
57500
58770
59176
59742
69925
93130
81802
80671
82223
86963
111614
116939
142566
162851
198228
224606
242399
262338
0
['s', 'w', 25, 263, 21, 259, 29, 267, 17, 255, 'd', 'd', 'd', 'd', 65, 235, 129, 163, 's', 'w', 61, 231, 57, 227, 53, 223, 179, 'd', 's', 'w', 'd', 115, 82, 150, 80, 116, 114, 82, 112, 80, 110, 78, 144, 76, 178, 74, 212, 72, 210, 70, 208, 68, 206, 34, 204, 36, 238, 38, 240, 40, 242, 42, 244, 44, 246, 46, 248, 48, 250, 50, 252, 16]
