Game 1
47684
61772
60956
77367
69061
59383
54468
67619
81764
81016
80969
69160
86649
87737
130063
73465
133453
100749
165173
143430
198758
115616
114196
220535
303484
332050
414673
0
['s', 'w', 23, 159, 61, 57, 19, 39, 1, 47, 'd', 201, 'w', 197, 'd', 29, 105, 53, 89, 97, 77, 117, 153, 'a', 227, 'a', 49, 208, 14, 174, 16, 176, 50, 178, 84, 180, 118, 182, 152, 184, 186, 152, 184, 118, 182, 84, 180, 50, 178, 16]
Game 2
46751
63582
65434
73395
67747
58676
56518
67341
82169
83643
76361
61430
85619
56210
48664
51340
76784
84676
90622
72340
99118
64215
75967
87563
90689
98448
99997
108913
108937
0
['s', 'w', 23, 159, 61, 57, 19, 39, 1, 47, 'd', 167, 'w', 163, 51, 97, 155, 187, 'd', 191, 195, 'd', 215, 's', 267, 103, 'd', 'd', 77, 286, 48, 288, 82, 254, 84, 220, 118, 186, 152, 184, 150, 182, 148, 180, 146, 178, 144, 176, 110, 174, 108, 172, 106, 170, 72, 136, 70, 102, 68, 70, 102, 104, 136, 138, 170, 140, 172, 142, 174, 144, 176, 146, 178, 112, 180, 114, 182, 116, 216, 118, 250, 84, 252, 50, 254, 16]
