Game 1
46050
64414
70746
74677
60876
64045
61444
59021
57127
57093
55173
58735
57164
55914
58752
61369
59322
74495
64727
68894
58359
55757
62302
66085
65999
127577
154447
266226
0
['s', 'w', 25, 263, 21, 259, 29, 267, 17, 255, 'd', 'd', 'd', 'd', 's', 'w', 65, 235, 61, 231, 57, 227, 53, 223, 143, 129, 81, 125, 114, 214, 112, 212, 110, 210, 108, 176, 106, 142, 140, 138.0, 174, 104.0, 208, 70.0, 206, 68.0, 204, 34.0, 238, 36.0, 240, 38.0, 242, 40.0, 244, 42.0, 246, 44.0, 248, 46.0, 250, 48.0, 252, 50.0, 254, 16.0]
Game 2
46508
61964
68502
63748
60680
63276
61376
58706
57210
55592
55088
58004
57859
55620
58416
56223
57388
60075
67820
93305
79146
82979
76471
85684
71947
109410
137551
242459
0
['s', 'w', 25, 263, 21, 259, 29, 267, 17, 255, 'd', 'd', 'd', 'd', 65, 235, 129, 163, 's', 'w', 61, 183, 57, 159, 53, 107, 81, 155, 78, 182, 76, 180, 74, 178, 72, 176, 106, 174, 140, 172, 138, 170, 136, 102.0, 170, 68.0, 204, 34.0, 238, 36.0, 240, 38.0, 242, 40.0, 244, 42.0, 246, 44.0, 248, 46.0, 250, 48.0, 252, 50.0, 254, 16.0]
