Game 1
48243
62567
70241
71609
66734
68059
69326
64630
64166
67510
64621
73772
63381
63403
59178
57735
62876
75799
80790
87891
84111
81033
48121
104147
110790
133405
123522
1
['s', 'w', 23, 159, 27, 163, 53, 57, 31, 9, 17, 153, 'a', 257, 'a', 261, 'a', 'a', 225, 'a', 207, 221, 177, 201, 111, 197, 229, 244, 34, 246, 68, 248, 70, 250, 72, 216, 74, 214, 76, 212, 78, 178, 112, 180, 146, 182, 148, 184, 150, 116.0, 184, 82.0, 182, 80.0, 180, 78.0, 178, 76.0, 212, 74.0, 214, 72.0, 216, 70.0, 250, 68.0, 284]
Game 2
46706
62819
74792
76716
67547
62665
67879
67434
69042
65302
67540
90745
35909
95294
61189
118649
95226
146000
120912
164665
177973
188398
1
['s', 'w', 25, 161, 21, 157, 29, 165, 17, 187, 133, 269, 151, 59, 45, 121, 87, 91, 107, 3, 265, 191, 40, 212, 74, 178, 72, 176, 70, 174, 68, 172, 102, 138, 136, 102, 170, 68, 172, 70, 174, 72, 176, 74, 178, 76, 212, 78, 246, 112, 280]
