Game 1
47130
67860
69077
68928
62308
61837
61391
59459
57313
54823
55480
58572
55666
55954
59034
57575
61382
60932
64172
87418
79213
80286
88682
93441
99414
119059
146010
155278
170701
209598
224102
241033
0
['s', 'w', 25, 263, 21, 259, 29, 267, 17, 255, 'd', 'd', 'd', 'd', 65, 235, 129, 197, 's', 'w', 61, 231, 57, 227, 53, 223, 179, 'd', 's', 'w', 'd', 115, 82, 150, 80, 116, 114, 82, 112, 80, 110, 78, 144, 76, 178, 74, 212, 72, 210, 70, 208, 68, 206, 34, 204, 36, 238, 38, 240, 40, 242, 42, 244, 44, 246, 46, 248, 48, 250, 50, 252, 16]
