Game 1
47229
63842
72287
69106
62042
61731
61517
59201
57513
55262
56329
57334
57570
55394
58548
57319
57607
59114
63279
90431
79325
82707
82176
89863
101631
124786
153865
155383
172278
198246
213345
237472
0
['s', 'w', 25, 263, 21, 259, 29, 267, 17, 255, 'd', 'd', 'd', 'd', 65, 235, 129, 197, 's', 'w', 61, 231, 57, 227, 179, 223, 53, 'd', 'd', 'w', 's', 115, 82, 150, 80, 116, 114, 82, 112, 80, 110, 78, 144, 76, 178, 74, 212, 72, 210, 70, 208, 68, 206, 34, 204, 36, 238, 38, 240, 40, 242, 42, 244, 44, 246, 46, 248, 48, 250, 50, 252, 16]
Game 2
46568
66014
67019
79183
72443
57641
55061
71777
83119
77810
78024
62884
84023
56148
48856
51366
80284
84267
92417
72920
99755
60994
75036
84128
91001
102095
102261
108465
109090
0
['s', 'w', 25, 161, 55, 59, 29, 45, 15, 37, 'a', 153, 'w', 157, 65, 87, 165, 201, 'a', 197, 193, 'a', 189, 255, 209, 's', 'a', 'a', 241, 242, 36, 208, 70, 206, 68, 204, 102, 170, 136, 172, 138, 174, 140, 176, 142, 178, 144, 180, 146, 182, 148, 184, 150, 186, 152, 118.0, 186, 116.0, 184, 114.0, 182, 112.0, 180, 110.0, 178, 108.0, 176, 106.0, 174, 104.0, 172, 102.0, 170, 68.0, 204, 34.0, 206, 0.0]
