Game 1
47537
61405
71381
78321
65367
70738
71295
68757
69167
62929
75786
64201
51701
91776
60910
89138
68363
91454
82853
103900
114209
120203
1
['s', 'w', 23, 159, 27, 163, 19, 155, 31, 167, 85, 187, 89, 57, 75, 191, 1, 199, 231, 83, 81, 179, 44, 212, 78, 178, 112, 176, 146, 174, 144, 172, 142, 170, 140, 136, 138, 140.0, 136, 142.0, 170, 144.0, 172, 110.0, 174, 76.0, 176, 78.0, 178, 44.0, 212, 42.0, 246, 40.0, 280]
Game 2
46758
66207
69698
64116
61240
64950
61168
58497
57924
55670
53942
57840
57326
56347
60010
54558
58165
60763
72920
91992
81102
79451
82938
84669
110997
114925
141207
153559
195724
219907
237144
260517
0
['s', 'w', 25, 263, 21, 259, 29, 267, 17, 255, 'd', 'd', 'd', 'd', 65, 235, 129, 163, 's', 'w', 61, 231, 57, 227, 53, 223, 179, 'w', 's', 'd', 'd', 115, 82, 150, 80, 116, 114, 82, 112, 80, 110, 78, 144, 76, 178, 74, 212, 72, 210, 70, 208, 68, 206, 34, 204, 36, 238, 38, 240, 40, 242, 42, 244, 44, 246, 46, 248, 48, 250, 50, 252, 16]
