Game 1
46569
61034
66724
77274
73502
56907
57676
67961
79307
86221
82734
68520
89710
75152
86791
62867
78341
69334
77038
79109
94519
96970
144915
149046
158383
1
['s', 'w', 25, 161, 55, 59, 29, 45, 15, 37, 'a', 119, 'w', 123, 65, 19, 227, 267, 247, 231, 223, 113, 209, 's', 139, 278, 4, 276, 2, 242, 0, 240, 34, 238, 68, 204, 102, 206, 104, 208, 106, 174, 108, 140, 110, 142, 144, 146.0, 142, 112.0, 176, 110.0, 174, 108.0, 208, 106.0, 206, 104.0, 204, 70.0, 238, 36.0, 272]
Game 2
47126
59934
65456
76697
73204
56621
53251
67620
77851
80559
79505
64025
94414
77815
79952
61582
78595
69255
77702
80736
93445
96007
110329
113970
134438
1
['s', 'w', 25, 161, 55, 59, 29, 45, 15, 37, 'a', 119, 'w', 123, 65, 19, 227, 233, 247, 265, 223, 'a', 209, 269, 259, 246, 4, 280, 2, 278, 0, 276, 34, 274, 68, 240, 102, 238, 104, 204, 106, 170, 108, 136, 110, 138, 144, 140, 142, 144.0, 176, 110.0, 174, 108.0, 208, 106.0, 206, 104.0, 204, 70.0, 238, 36.0, 272]
