Game 1
47216
63825
70397
76196
73472
58377
54820
68962
82662
79457
81205
67133
94151
74044
82384
63351
81674
70511
78140
78035
117287
115524
136764
151691
152083
0
['s', 'w', 25, 161, 55, 59, 29, 45, 15, 37, 'a', 119, 'w', 123, 65, 87, 227, 113, 157, 187, 209, 191, 213, 's', 197, 282, 4, 248, 2, 214, 36, 216, 70, 218, 68, 184, 102, 182, 104, 180, 106, 178, 108, 176, 110, 174, 144, 172, 142, 138, 140, 142.0, 138, 144.0, 172, 110.0, 174, 108.0, 176, 106.0, 178, 104.0, 180, 102.0, 182, 68.0, 184, 34.0, 218, 0.0]
