Game 1
46883
62595
65936
65209
60224
62465
61078
58654
57331
55514
54760
58087
57451
56896
56935
61986
56418
75903
68741
69979
70539
78175
86526
88754
65035
103436
111916
116978
131841
1
['s', 'w', 25, 263, 21, 259, 29, 267, 17, 255, 'd', 'd', 'd', 'd', 's', 'w', 65, 201, 61, 197, 57, 193, 53, 189, 119, 141, 'a', 77, 171, 250, 112, 248, 146, 246, 144, 244, 110, 242, 108, 240, 106, 238, 140, 204, 138, 170, 136, 138, 170, 140, 204, 106, 238, 72, 240, 70, 242, 68, 244, 34, 246, 36, 248, 38, 250, 40, 252, 42, 254, 44, 288]
