Game 1
46517
65165
66812
75351
69154
58954
57426
72232
81662
80611
78211
61993
85319
58549
47058
52215
79908
85578
90566
72042
98261
62717
80056
87069
88192
108893
112984
126781
126302
0
['s', 'w', 23, 159, 61, 57, 19, 39, 1, 47, 'd', 167, 'w', 163, 51, 97, 155, 187, 'd', 191, 195, 'd', 215, 's', 267, 119, 'd', 'd', 9, 286, 48, 288, 82, 254, 84, 220, 118, 186, 152, 184, 150, 182, 148, 180, 146, 178, 144, 176, 142, 174, 140, 172, 138, 170, 136, 138, 170, 140, 172, 106, 174, 108, 176, 110, 178, 112, 180, 114, 182, 116, 216, 118, 250, 84, 252, 50, 254, 16]
