Game 1
47995
59381
71644
68287
62664
62703
61410
59656
56542
55578
54245
58375
56738
56358
57962
61317
62510
75596
58181
56410
59538
63301
73438
69645
62611
93819
111857
126773
140485
0
['s', 'w', 25, 263, 21, 259, 29, 267, 17, 255, 'd', 'd', 'd', 'd', 's', 'w', 65, 167, 61, 163, 57, 159, 53, 107, 181, 217, 'a', 75, 71, 250, 112, 248, 146, 214, 144, 180, 142, 178, 108, 176, 74, 174, 72, 140, 106, 138, 140, 104, 174, 70, 208, 68, 242, 34, 244, 36, 246, 38, 248, 40, 250, 42, 216, 44, 182, 46, 184, 48, 218, 50, 252, 16]
