Game 1
21200
20290
22980
27810
26124
23383
19408
21829
22405
27184
16589
16242
15951
15485
15340
14861
15683
14894
22989
14071
37044
66162
77646
0
['s', 'w', 23, 159, 61, 57, 19, 39, 'd', 11, 145, 259, 141, 187, 209, 15, 163, 191, 29, 91, 53, 35, 65, 212, 10, 214, 8, 180, 6, 182, 4, 184, 2, 150, 0, 116, 34, 114, 68, 112, 102, 110, 104, 108, 106, 104.0, 108, 102.0, 110, 68.0, 112, 34.0, 146, 0.0]
Game 2
20889
19955
22575
20552
24041
21955
26027
23359
21922
23217
34844
24949
18811
16705
20128
17399
20475
18342
35232
17270
21441
18064
20964
18262
22047
19054
41050
18218
17659
24638
40366
47310
17387
68692
39761
90283
62654
58376
59569
61228
1
['s', 163, 's', 'w', 's', 'w', 193, 125, 211, 73, 213, 77, 'w', 's', 'w', 's', 'd', 'a', 121, 'a', 's', 'w', 's', 'w', 's', 'a', 153, 'w', 173, 145, 103, 47, 243, 23, 85, 115, 29, 201, 'w', 233, 78, 206, 44, 240, 10, 242, 12, 208, 14, 210, 16, 244, 50, 278, 84, 280, 118, 282, 152, 248, 186, 214, 184, 180, 182, 184.0, 216, 150.0, 214, 116.0, 248, 82.0, 282]
Game 3
20982
20175
23608
27563
21116
23577
27895
25063
24481
24190
20777
21229
23206
23262
18501
19006
19448
25126
22216
22755
23485
23407
18446
15087
14553
14791
23705
24509
25507
43437
44657
45092
46648
46374
0
['s', 'w', 25, 263, 21, 259, 29, 267, 17, 255, 'd', 'd', 'd', 'd', 's', 'w', 's', 'w', 79, 'd', 65, 'a', 61, 231, 7, 235, 127, 227, 123, 131, 'w', 223, 'd', 183, 116, 148, 118, 146, 152, 144, 150, 142, 148, 140, 182, 138, 216, 104, 214, 70, 212, 72, 210, 74, 208, 76, 206, 42, 204, 44, 238, 46, 240, 48, 242, 50, 244, 16]
Game 4
20677
21501
21474
19081
19778
19928
18876
20142
19189
19417
19741
22402
16244
21532
15403
15339
15038
14245
15042
14730
14519
14424
15239
15009
26147
17421
22986
33156
34869
0
[125, 265, 95, 'a', 121, 59, 's', 'w', 17, 'd', 'd', 269, 'a', 7, 129, 45, 31, 'w', 'd', 261, 'w', 205, 133, 153, 21, 157, 193, 63, 197, 210, 12, 208, 46, 174, 48, 176, 50, 178, 84, 144, 118, 142, 116, 140, 114, 138, 112, 136, 110, 102, 108, 104, 106, 108.0, 104, 110.0, 102, 112.0, 136, 114.0, 138, 116.0, 140, 82.0, 142, 84.0, 144, 50.0, 178, 48.0, 176, 46.0, 174, 12.0]
Game 5
20826
20033
22920
27559
22441
25723
26061
24996
24781
23378
20355
20070
21029
23364
18485
18676
19702
20526
18324
15148
15631
14124
13733
13490
12601
28948
36277
76096
79471
86990
89854
90084
0
['s', 'w', 25, 263, 21, 259, 29, 267, 17, 255, 'd', 'd', 'd', 'd', 's', 'w', 65, 'w', 61, 'w', 57, 129, 77, 201, 51, 197, 209, 97, 'd', 83, 'a', 179, 78, 146, 112, 144, 114, 110, 116, 76, 150, 74, 148, 72, 146, 38, 144, 40, 178, 42, 212, 44, 246, 46, 248, 48, 250, 50, 252, 16]
Game 6
20923
20319
22206
28746
25106
23214
19423
22686
19520
20119
19558
20867
16517
22525
15513
15113
15066
15157
14378
13811
28784
14315
34037
54526
59975
0
['s', 'w', 23, 159, 61, 57, 19, 155, 31, 'w', 'd', 11, 'a', 39, 115, 191, 171, 221, 181, 49, 209, 13, 179, 177, 231, 246, 44, 248, 10, 250, 8, 252, 6, 218, 4, 184, 2, 182, 0, 148, 34, 114, 68, 112, 102, 110, 136, 108, 138, 106, 140, 72, 142, 38, 144, 36, 146, 34, 148, 0]
Game 7
21059
20402
24009
28607
24872
23411
19365
23015
22208
25628
16429
15973
15454
15006
14855
14144
14742
14107
16347
14247
23015
27126
46591
47154
56160
63300
61788
69785
70910
1
['s', 'w', 23, 159, 61, 57, 19, 39, 'd', 11, 65, 153, 209, 115, 141, 235, 'w', 177, 'a', 37, 'a', 201, 245, 's', 163, 'w', 91, 'w', 77, 178, 4, 180, 2, 182, 0, 184, 34, 150, 68, 116, 102, 82, 136, 80, 138, 114, 140, 148, 174, 146, 208, 144, 242, 110, 276]
Game 8
20733
20247
22763
26469
26561
21769
24696
21813
26019
17970
28895
15850
16746
12982
12426
11868
11570
13941
10195
19362
28743
27501
1
['s', 'w', 25, 161, 21, 157, 29, 165, 17, 153, 99, 201, 95, 59, 77, 121, 125, 197, 91, 241, 193, 259, 40, 212, 74, 210, 72, 208, 106, 174, 104, 176, 102, 178, 136, 180, 138, 182, 140, 184, 142, 186, 144, 152, 146, 150, 148, 146.0, 150, 144.0, 152, 142.0, 186, 140.0, 184, 138.0, 182, 136.0, 180, 102.0, 178, 68.0, 176, 34.0, 174, 36.0, 208, 38.0, 206, 40.0, 240, 42.0, 274]
Game 9
20847
20234
23794
26619
26051
26528
19461
22566
21713
30115
16143
15565
15219
15365
14646
14051
18148
13861
26024
13951
31542
49290
64248
0
['s', 'w', 25, 161, 55, 59, 29, 45, 'a', 3, 231, 133, 113, 51, 165, 201, 121, 5, 227, 69, 223, 245, 213, 280, 6, 282, 8, 248, 10, 250, 12, 252, 14, 218, 16, 216, 50, 182, 84, 184, 118, 186, 116, 152, 114, 150, 148, 114, 150, 80, 152, 46, 186, 48, 184, 50, 182, 16]
Game 10
20845
20508
23552
27999
24622
23244
19338
22851
23276
27741
16499
15956
15209
15540
15967
15876
33458
16212
49661
30373
66712
100059
129437
0
['s', 'w', 23, 159, 61, 57, 19, 39, 'd', 11, 211, 85, 107, 29, 175, 243, 185, 269, 221, 15, 99, 71, 95, 212, 10, 178, 8, 180, 6, 146, 4, 112, 2, 110, 0, 76, 34, 78, 36, 80, 38, 82, 72, 84, 106, 50, 140, 16]
Game 11
21328
19982
23584
27348
21246
23029
27314
24275
24462
24212
20251
21665
22966
24011
18829
18782
20015
18984
23095
19216
17686
15063
14179
13564
12964
21743
24257
35712
55896
58779
61923
62400
1
['s', 'w', 25, 263, 21, 259, 29, 267, 17, 255, 'd', 'd', 'd', 'd', 's', 'w', 245, 'd', 65, 'a', 61, 235, 57, 163, 201, 241, 205, 159, 'a', 183, 'a', 173, 110, 182, 144, 180, 142, 178, 140, 176, 174, 140, 208, 106, 210, 72, 212, 38, 246, 40, 248, 42, 250, 44, 252, 46, 254, 48, 288]
Game 12
20150
20338
22456
28609
24617
22947
30459
17969
20970
18261
26993
18465
22386
17037
18452
15295
15229
13478
13021
18987
12811
34002
27659
54489
68745
74537
1
['s', 'w', 23, 159, 27, 127, 53, 'w', 's', 'd', 31, 75, 39, 131, 17, 123, 119, 9, 241, 13, 199, 45, 249, 49, 'd', 63, 112, 180, 114, 146, 116, 148, 118, 150, 152, 118, 186, 116, 220, 114, 254, 112, 288]
Game 13
20303
20246
23567
26533
25363
22478
25023
20659
22299
19702
24055
18157
19305
31005
22764
18919
19670
18547
24096
16945
31315
15978
12855
22398
27420
38605
52470
49564
1
['s', 'w', 23, 159, 27, 163, 53, 57, 31, 'a', 17, 43, 'a', 187, 225, 255, 'a', 'd', 177, 259, 207, 'd', 107, 201, 231, 263, 'a', 217, 34, 246, 68, 212, 70, 178, 72, 180, 74, 182, 108, 184, 142, 150, 144, 116, 146, 114, 148, 112, 150, 110, 184, 76, 182, 74, 216, 72, 214, 70, 212, 68, 246, 34, 248, 36, 250, 38, 284]
Game 14
20824
20370
23012
26753
27523
24749
19408
22709
22429
25144
16470
15866
15090
14568
14256
13955
14155
13658
16668
13709
27179
24755
54247
46589
46671
0
['s', 'w', 25, 161, 55, 59, 29, 45, 'a', 5, 19, 65, 229, 197, 225, 201, 'w', 69, 211, 259, 105, 97, 51, 's', 249, 278, 8, 276, 10, 274, 12, 240, 14, 206, 16, 172, 50, 174, 48, 140, 46, 106, 80, 108, 82, 110, 84, 112, 118, 114, 152, 116, 186, 118, 184, 84, 182, 82, 180, 80, 178, 46, 212, 48, 214, 50, 216, 16]
Game 15
21072
20441
22649
26220
25128
23253
19512
19522
20406
19801
21062
18131
26148
17714
18161
26584
20125
22969
21914
17228
16857
14656
22744
26437
34619
50231
71695
76749
0
['s', 'w', 23, 159, 129, 57, 19, 'd', 'd', 'd', 133, 109, 27, 61, 13, 53, 'a', 119, 'a', 123, 231, 179, 217, 's', 31, 79, 147, 267, 38, 286, 36, 288, 34, 254, 68, 220, 70, 186, 72, 184, 74, 182, 76, 216, 110, 214, 144, 180, 146, 144, 180, 110, 214, 76, 216, 74, 182, 72, 184, 70, 218, 68, 252, 34, 254, 0]
Game 16
20995
20276
23498
26370
20856
23872
26433
26002
24640
23728
21015
23353
22076
23921
18139
20623
17540
28221
24965
22112
18064
20065
15288
13621
13161
23664
30531
40535
45663
51490
55276
1
['s', 'w', 25, 263, 21, 259, 29, 267, 17, 255, 'd', 'd', 'd', 'd', 'd', 235, 's', 165, 231, 161, 227, 157, 223, 187, 175, 81, 's', 'a', 15, 'a', 99, 244, 150, 242, 148, 240, 146, 238, 144, 204, 142, 206, 140, 208, 138, 174, 172, 170.0, 174, 136.0, 208, 102.0, 206, 68.0, 204, 34.0, 238, 36.0, 240, 38.0, 242, 40.0, 244, 42.0, 246, 44.0, 248, 46.0, 250, 48.0, 252, 82.0, 254, 84.0, 288]
Game 17
20827
20265
23645
27405
26007
22938
25611
20769
27946
18693
28921
14960
14866
14239
13823
13206
12363
22944
12830
33353
24800
25178
57814
58846
69545
69968
77227
77133
87579
87837
241045
112152
220500
247306
288368
440321
0
['s', 'w', 23, 159, 27, 163, 19, 155, 31, 267, 85, 'w', 105, 43, 39, 93, 247, 45, 1, 'd', 13, 125, 'a', 75, 's', 'd', 's', 'w', 'a', 'd', 's', 'w', 'd', 'a', 'd', 115, 146, 144.0, 112, 142.0, 114, 140.0, 80, 106.0, 82, 72.0, 116, 70.0, 150, 68.0, 184, 34.0, 218, 0.0]
Game 18
20124
20567
23975
28812
25556
23874
19300
23177
22487
26017
16601
16581
16385
15985
15425
15153
15666
14548
22268
14318
37793
34077
66976
68618
74736
0
['s', 'w', 23, 159, 61, 57, 19, 39, 'd', 11, 'w', 37, 75, 153, 219, 29, 269, 15, 257, 209, 141, 191, 65, 'a', 239, 210, 8, 212, 6, 178, 4, 180, 2, 146, 0, 144, 34, 142, 68, 108, 102, 106, 136, 104, 138, 70, 140, 36, 174, 34, 172, 0]
Game 19
20432
20170
23718
26587
20350
22030
26732
24628
22955
24587
21037
22403
23650
23772
18782
18284
18996
25083
25710
21491
17216
15865
30281
15042
12594
23766
12928
35365
51308
60882
1
['s', 'w', 25, 263, 21, 259, 29, 267, 17, 255, 'd', 'd', 'd', 'd', 's', 'w', 's', 'w', 65, 115, 61, 163, 57, 95, 143, 151, 53, 219, 71, 69, 112, 216, 110, 214, 76, 212, 78, 210, 80, 176, 82, 142, 116, 140, 118, 138, 152, 136, 186, 102, 220, 68, 254, 34, 288]
Game 20
20911
20455
23367
28513
21321
22881
26634
23986
23943
23845
21353
20454
21624
24827
18286
18338
19333
19213
21271
28629
23394
20059
18585
17613
27912
29633
40092
42312
68866
1
['s', 'w', 25, 263, 21, 259, 29, 267, 17, 255, 'd', 'd', 'd', 'd', 's', 'w', 111, 235, 65, 231, 61, 227, 57, 223, 53, 163, 'a', 183, 69, 182, 76, 180, 110, 178, 144, 110.0, 178, 144.0, 212, 142.0, 210, 140.0, 208, 138.0, 206, 136.0, 204, 102.0, 238, 68.0, 240, 34.0, 242, 36.0, 244, 38.0, 246, 40.0, 248, 42.0, 250, 44.0, 252, 46.0, 254, 48.0, 288]
Game 21
20428
19932
23063
20760
23102
21865
33621
24520
22404
24433
21233
20921
24235
17538
22329
16910
17157
17869
26899
30218
21990
26711
17870
37040
38390
53127
54899
0
['s', 197, 's', 'w', 's', 'w', 's', 227, 125, 263, 193, 257, 155, 'd', 215, 201, 145, 159, 209, 103, 51, 87, 55, 91, 59, 95, 29, 248, 142, 246, 140, 244, 106, 278, 108, 276, 110, 274, 112, 272, 114, 238, 116, 204, 82, 170, 80, 136, 78, 102, 76, 68, 74, 70, 72, 74.0, 70, 76.0, 68, 78.0, 102, 80.0, 136, 46.0, 170, 44.0, 204, 10.0]
Game 22
20978
20153
22574
26002
26995
24047
19437
21194
19713
22036
17322
18827
17235
21957
15460
15306
14746
14910
14317
13122
17663
13846
24339
28106
49533
55370
0
['s', 'w', 25, 161, 89, 59, 29, 'a', 'd', 45, 'a', 'w', 85, 55, 227, 51, 179, 21, 157, 201, 209, 197, 1, 167, 47, 223, 40, 176, 38, 174, 36, 172, 2, 138, 4, 104, 6, 106, 8, 108, 10, 110, 12, 112, 14, 114, 16, 116, 50, 82, 84, 48, 118, 50, 152, 16]
Game 23
20544
19961
23430
20875
23637
22215
27249
21746
20447
22515
29502
17745
17066
16550
16749
16975
16196
33603
17031
46710
21316
54524
62746
92551
90944
102735
1
['s', 177, 's', 'w', 's', 'w', 195, 109, 215, 233, 245, 29, 131, 9, 5, 255, 113, 159, 189, 185, 99, 1, 19, 's', 95, 259, 144, 280, 146, 282, 180, 284, 182, 250, 148, 252, 150, 254, 152, 220, 186, 152.0, 220, 150.0, 254, 184.0, 288]
Game 24
20706
20177
21917
21069
22253
21514
23968
22512
26328
22837
23258
20577
33823
19147
16638
15908
16236
16782
16411
22123
21700
21102
22206
20609
19030
25111
22540
17654
20071
13550
27225
26324
24292
39689
23588
35436
23194
54839
57757
56403
55202
0
['s', 161, 'a', 'w', 's', 'w', 's', 'a', 191, 157, 's', 'a', 207, 255, 211, 113, 35, 143, 'w', 45, 'w', 'd', 261, 'a', 'd', 25, 'a', 21, 'w', 15, 'a', 37, 13, 'd', 167, 's', 199, 'a', 181, 'd', 39, 242, 72, 276, 106, 278, 104, 280, 70, 282, 36, 248, 2, 250, 4, 216, 6, 218, 8, 220, 10, 186, 12, 184, 46, 182, 80, 148, 114, 80.0, 148, 46.0, 182, 12.0]
Game 25
20986
20273
24155
29216
25418
22464
29429
18363
20693
19647
27254
17368
31249
17495
25848
15870
15913
15511
15230
15665
15044
15093
14193
27552
28415
32756
62286
32954
74523
95530
117467
142486
1
['s', 'w', 23, 159, 27, 231, 53, 'w', 's', 'd', 31, 'w', 5, 'w', 17, 'w', 69, 221, 'd', 163, 61, 115, 127, 155, 137, 9, 'd', 13, 'd', 41, 's', 49, 150, 78, 184, 80, 218, 82, 252, 116, 286]
