Game 1
24209
22793
27105
34327
23697
29661
32274
30710
29021
28716
26698
25517
26921
27631
21840
27048
23492
23771
27326
27731
29506
25099
21694
22890
18930
33197
39105
29293
48256
50333
51562
55431
0
['s', 'w', 25, 263, 21, 259, 29, 267, 17, 255, 'd', 'd', 'd', 'd', 's', 'w', 195, 'd', 99, 'w', 131, 95, 149, 77, 201, 147, 125, 157, 'w', 153, 'a', 191, 42, 150, 76, 152, 110, 118, 108, 116, 106, 114, 140, 112, 142, 146, 144, 142.0, 178, 140.0, 176, 106.0, 174, 72.0, 172, 38.0, 206, 40.0, 240, 42.0, 242, 44.0, 244, 46.0, 246, 48.0, 248, 50.0, 250, 16.0]
Game 2
24401
22929
26888
31808
30013
26522
33567
24712
35096
24408
28861
22124
28300
15735
14463
20238
21489
31718
22994
43445
53029
60921
58143
1
['s', 'w', 23, 159, 27, 163, 19, 155, 99, 201, 85, 103, 47, 197, 'd', 61, 39, 261, 111, 213, 75, 257, 193, 212, 42, 210, 76, 208, 78, 174, 112, 176, 146, 178, 148, 180, 150, 182, 184, 186.0, 182, 152.0, 180, 118.0, 178, 116.0, 176, 114.0, 174, 80.0, 208, 78.0, 242, 76.0, 240, 42.0, 238, 40.0, 272]
Game 3
23537
25891
26827
22173
21602
24386
24210
26763
34995
24084
27647
25522
30536
28756
31701
44575
44504
32938
25772
36320
33293
28334
46834
50925
25056
58505
48814
34421
35649
34371
93659
105415
114106
126829
0
[125, 265, 95, 'w', 's', 'd', 197, 'w', 215, 'a', 's', 'w', 's', 'd', 'd', 145, 91, 201, 99, 121, 87, 'w', 129, 153, 51, 157, 55, 261, 'a', 257, 'a', 205, 'a', 175, 104, 148, 102, 150, 136, 116, 138, 114, 140, 112, 142, 110, 144, 108, 178, 106, 212, 104, 246, 102, 244, 68, 242, 70, 208, 72, 174, 74, 172, 76, 170, 42, 204, 8]
Game 4
24342
22415
30251
32516
24439
31644
31864
30129
29272
28134
25680
26317
27595
27897
21759
24066
22358
34037
26653
25407
24986
20547
26352
27355
25339
36798
69633
74439
1
['s', 'w', 25, 263, 21, 259, 29, 267, 17, 255, 'd', 'd', 'd', 'd', 65, 235, 's', 'w', 61, 231, 57, 227, 53, 223, 113, 93, 181, 81, 78, 182, 76, 148, 74, 114, 108, 80, 142, 78, 176, 76, 210, 74, 208, 72, 206, 70, 204, 68, 238, 34, 240, 36, 242, 38, 244, 40, 246, 42, 248, 44, 250, 46, 252, 48, 254, 50, 288]
Game 5
23975
22910
27241
35878
29828
27105
33188
24281
35613
21578
27954
17859
20485
14598
13870
21688
19112
26362
16247
30123
42570
47787
1
['s', 'w', 23, 159, 27, 163, 19, 155, 31, 167, 85, 221, 89, 225, 77, 57, 75, 263, 1, 13, 81, 245, 44, 212, 78, 178, 112, 176, 146, 174, 144, 172, 142, 170, 140, 136, 138, 140.0, 136, 142.0, 170, 144.0, 204, 146.0, 206, 112.0, 208, 78.0, 210, 44.0, 212, 42.0, 246, 40.0, 248, 38.0, 250, 72.0, 284]
