Game 1
24241
22665
25856
23089
28038
24119
35291
28576
26321
26295
25974
24369
35727
21307
28993
26525
20638
27553
26480
26153
28767
32533
37124
26150
58020
67754
70862
81275
111873
1
['s', 251, 's', 'w', 's', 'w', 's', 261, 59, 265, 193, 189, 213, 269, 205, 143, 9, 127, 51, 131, 55, 83, 29, 17, 11, 'a', 'd', 's', 241, 210, 148, 208, 150, 206, 152, 240, 118, 274, 84, 272, 50, 238, 48, 204, 82, 170, 116, 136, 114, 102, 112, 68, 110, 70, 108, 72, 142, 74, 176, 76, 174, 78, 172, 80, 170, 46, 204, 48, 238, 50, 272]
Game 2
23791
22564
26923
35853
29256
31338
23248
27113
29028
28994
18390
18565
17900
17231
19700
16784
33955
17001
45721
22468
63552
47399
73035
74237
74680
0
['s', 'w', 23, 159, 61, 57, 19, 39, 'd', 11, 'w', 119, 85, 93, 227, 105, 163, 97, 243, 127, 213, 123, 65, 's', 167, 282, 8, 248, 6, 214, 4, 180, 2, 178, 0, 176, 34, 174, 68, 140, 70, 142, 72, 144, 106, 146, 108, 148, 110, 114, 112, 110.0, 114, 108.0, 148, 106.0, 146, 72.0, 144, 38.0, 142, 36.0, 140, 34.0, 174, 0.0]
Game 3
24243
23244
25968
34095
35200
30680
23765
27813
26902
27095
27997
23472
18538
35259
18034
17218
22920
16637
40673
16862
59479
38278
87799
136626
164822
0
['s', 'w', 25, 161, 55, 59, 29, 63, 19, 'w', 'a', 5, 'd', 45, 225, 267, 109, 91, 199, 69, 179, 167, 247, 73, 221, 178, 40, 176, 6, 142, 8, 140, 10, 106, 12, 72, 14, 70, 16, 36, 50, 34, 84, 0]
Game 4
24117
22720
25813
36359
29507
26840
33246
24726
35037
21730
31327
16788
16887
15510
15555
15450
15150
27260
15337
38486
15249
40495
57738
64550
1
['s', 'w', 23, 159, 27, 163, 19, 155, 31, 235, 85, 'a', 103, 5, 225, 117, 51, 77, 's', 91, 261, 265, 107, 217, 42, 246, 44, 212, 78, 178, 112, 180, 146, 182, 148, 184, 150, 116.0, 184, 82.0, 182, 48.0, 216, 46.0, 250, 44.0, 248, 42.0, 246, 76.0, 244, 74.0, 242, 72.0, 276]
Game 5
23959
23098
26388
35094
30800
32140
22979
28685
29930
28273
17603
17571
20395
17829
24088
17199
41031
16963
51917
28494
56873
80343
188447
0
['s', 'w', 23, 159, 61, 57, 19, 39, 29, 11, 115, 79, 'd', 51, 87, 139, 165, 197, 99, 49, 245, 153, 229, 248, 10, 250, 8, 216, 6, 214, 4, 212, 2, 178, 0, 176, 34, 174, 36, 140, 38, 106, 72, 104, 70, 102, 68, 70, 102, 72, 104, 38, 106, 36, 140, 34, 174, 0]
