Game 1
24139
23050
26372
32282
33022
25602
30652
26782
32530
22574
25517
24361
42984
16628
16183
16325
16048
36481
20250
49250
52365
74402
77931
88714
0
['s', 'w', 25, 161, 21, 157, 29, 165, 119, 255, 133, 'a', 17, 91, 183, 39, 105, 269, 53, 265, 245, 247, 'd', 95, 78, 210, 80, 212, 82, 214, 116, 248, 114, 250, 148, 252, 150, 218, 152, 184, 186, 152, 220, 150, 254, 148, 252, 114, 250, 116, 216, 82, 214, 48, 212, 50, 246, 16]
Game 2
23859
23180
26938
36335
30172
27214
34061
24954
35809
22026
30523
16673
16625
15940
15872
21291
17604
28257
33964
37545
45338
46529
49103
49363
1
['s', 'w', 23, 159, 27, 163, 19, 155, 31, 233, 85, 'w', 89, 113, 43, 57, 167, 53, 177, 255, 229, 13, 'a', 45, 38, 214, 36, 216, 34, 218, 68, 220, 70, 254, 72, 252, 74, 250, 76, 248, 110, 246, 144, 244, 142, 210, 140, 176, 138, 174, 136, 172, 170, 136, 204, 102, 238, 104, 240, 106, 242, 108, 276]
Game 3
23649
22918
25853
34195
33841
30824
22564
28236
28848
29492
18152
17590
17307
16744
16448
15960
23292
15251
34294
20569
38965
58853
66028
0
['s', 'w', 25, 161, 55, 59, 29, 45, 'a', 5, 125, 65, 17, 3, 97, 201, 229, 41, 249, 197, 207, 209, 193, 280, 6, 278, 8, 276, 10, 242, 12, 208, 14, 174, 16, 140, 50, 106, 48, 108, 46, 110, 80, 112, 82, 114, 84, 116, 118, 84, 152, 82, 186, 80, 184, 46, 182, 48, 180, 50, 178, 16]
Game 4
23724
25918
22427
23179
22747
26420
31888
22616
28364
23066
27087
23478
26764
25313
30519
29084
38152
30963
28417
36339
29488
37992
29674
35747
38670
44832
42434
38977
36009
34511
33705
35108
41079
59268
75895
124007
0
[125, 'd', 's', 'w', 'd', 61, 231, 267, 165, 'a', 'a', 'w', 's', 'w', 's', 'd', 161, 155, 'd', 225, 's', 'a', 107, 'a', 'a', 143, 173, 235, 193, 117, 65, 129, 243, 97, 43, 39, 146, 174, 148, 208, 150, 210, 116, 212, 114, 214, 112, 180, 78, 182, 80, 184, 82, 186, 84, 152, 118, 84.0, 152, 82.0, 186, 80.0, 220, 78.0, 218, 112.0, 216, 110.0, 214, 76.0, 212, 42.0, 246, 8.0]
Game 5
24052
22316
25790
35937
31440
29210
23262
27848
29194
28464
18384
17922
18576
17501
21667
17415
33303
15845
44515
26276
43103
33183
49782
54495
0
['s', 'w', 23, 159, 61, 57, 19, 39, 'd', 11, 47, 155, 193, 85, 111, 103, 149, 29, 197, 's', 65, 97, 51, 79, 10, 246, 8, 212, 6, 210, 4, 208, 2, 174, 0, 176, 34, 178, 36, 180, 38, 146, 72, 112, 106, 78, 108, 76, 74, 110, 76, 108, 78, 106, 112, 72, 146, 38, 180, 36, 178, 34, 176, 0]
