Game 1
24501
23000
27730
35473
30780
31513
22805
26993
29484
27075
18231
17694
17544
17472
23477
17538
41436
19127
49449
37563
55566
69432
65999
0
['s', 'w', 23, 159, 61, 57, 19, 39, 'd', 11, 29, 187, 103, 265, 175, 49, 115, 99, 243, 257, 109, 207, 35, 212, 10, 178, 8, 180, 6, 146, 4, 112, 2, 78, 0, 76, 34, 74, 68, 108, 102, 142, 136, 140, 170, 174, 172, 170.0, 138, 136.0, 104, 102.0, 106, 68.0, 108, 34.0, 74, 0.0]
Game 2
24136
22594
27209
33847
31055
29508
23232
24915
27663
23871
24314
21582
29516
22965
30597
19435
17416
22608
16934
24478
31848
33831
43066
46613
83317
44268
83645
42777
72354
40727
84609
42582
94808
91465
121018
123246
1
['s', 'w', 25, 161, 89, 59, 29, 'w', 177, 'd', 181, 's', 249, 199, 213, 's', 17, 'a', 21, 63, 11, 'w', 'a', 187, 's', 263, 'd', 259, 'd', 'a', 'd', 235, 'a', 267, 's', 207, 146, 210, 148, 176, 182, 142, 184, 108, 186, 110, 220, 76, 218, 78, 216, 80, 250, 82, 252, 84, 254, 50, 288]
Game 3
24123
22934
26689
34677
30776
26743
34309
23816
35976
23666
29943
21074
40044
18744
20664
16798
14477
25760
29338
38784
57284
57930
1
['s', 'w', 23, 159, 27, 163, 19, 155, 65, 201, 119, 221, 31, 197, 171, 261, 125, 57, 39, 129, 111, 211, 44, 212, 78, 178, 112, 180, 114, 182, 116, 184, 150, 116.0, 184, 82.0, 182, 80.0, 180, 78.0, 178, 76.0, 212, 110.0, 246, 108.0, 248, 106.0, 282]
Game 4
23265
25545
22218
23256
22712
24510
32418
31766
25706
24518
20656
25412
17813
18112
15787
15685
21828
15328
34908
15515
40837
29748
53567
64107
68061
0
[125, 'd', 's', 'w', 's', 77, 129, 73, 133, 41, 's', 55, 17, 25, 209, 153, 211, 29, 195, 45, 87, 145, 47, 235, 49, 282, 76, 280, 42, 278, 44, 244, 78, 210, 112, 176, 114, 142, 116, 140, 118, 106, 84, 104, 50, 102, 16, 68, 14, 34, 12, 36, 10, 38, 8, 4]
Game 5
24087
22376
26559
34470
24523
28445
31927
29894
29109
28084
24876
27047
29134
27327
21823
24196
22415
26523
21557
32419
29223
26527
28552
25186
31444
41178
56353
58233
58119
66132
71996
83907
0
['s', 'w', 25, 263, 21, 259, 29, 267, 17, 255, 'd', 'd', 'd', 'd', 65, 235, 129, 197, 's', 'w', 61, 231, 57, 227, 179, 223, 53, 'd', 's', 'w', 'd', 115, 82, 150, 80, 116, 114, 82, 112, 80, 110, 78, 144, 76, 178, 74, 212, 72, 210, 70, 208, 68, 206, 34, 204, 36, 238, 38, 240, 40, 242, 42, 244, 44, 246, 46, 248, 48, 250, 50, 252, 16]
