Game 1
20959
20264
22341
26964
25800
23955
20414
20487
21189
17307
16063
15536
14487
13429
13485
13184
13351
12674
30280
14941
43783
61190
67205
0
['s', 'w', 23, 159, 95, 91, 19, 39, 'd', 99, 155, 27, 51, 49, 177, 87, 259, 111, 189, 113, 63, 199, 41, 244, 46, 210, 48, 176, 14, 174, 12, 172, 10, 170, 8, 136, 6, 102, 4, 68, 2, 70, 0, 72, 34, 38, 36, 34.0, 38, 0.0]
Game 2
21134
20110
22356
21020
23623
21992
25244
24995
21719
21243
21259
20803
23472
18545
16865
18365
20328
17416
16849
17640
38729
56443
17485
63705
65432
47009
91354
104660
103739
108953
105018
1
['s', 85, 's', 'w', 's', 'w', 's', 261, 193, 231, 197, 225, 155, 187, 's', 'a', 159, 183, 163, 221, 103, 265, 11, 257, 213, 1, 95, 'a', 'a', 'w', 61, 208, 174, 210, 208, 212, 210, 246, 212, 244, 246, 242, 244, 240, 242, 238, 240, 272, 238, 274, 272]
Game 3
20608
20102
22535
26603
27065
21883
25179
21776
25404
18855
19538
17264
38247
14543
13695
13435
18108
14232
11412
21482
22002
38995
41218
41720
1
['s', 'w', 25, 161, 21, 157, 29, 165, 119, 255, 99, 'a', 139, 201, 95, 91, 17, 3, 221, 7, 269, 59, 'd', 63, 46, 210, 48, 176, 50, 178, 84, 180, 82, 182, 80, 184, 78, 186, 76, 152, 74, 118, 72, 116, 106, 114, 140, 112, 142, 110, 144, 108, 146, 106, 148, 72, 150, 74, 152, 76, 186, 78, 184, 80, 182, 82, 216, 84, 250, 50, 284]
Game 4
20931
20031
22715
20647
24086
21520
34287
24706
22377
32372
30981
30856
23310
22862
20866
23882
17759
24282
19185
20805
17969
14940
35057
34495
71247
76270
83257
90596
97511
1
['s', 233, 's', 'w', 's', 'w', 's', 229, 91, 225, 95, 221, 'd', 269, 87, 265, 99, 261, 51, 257, 55, 121, 59, 65, 27, 'a', 47, 'w', 23, 142, 180, 108, 214, 106, 216, 104, 218, 102, 220, 68, 254, 70, 252, 72, 250, 74, 248, 76, 246, 78, 244, 80, 242, 46, 240, 44, 238, 42, 272]
Game 5
20655
20147
23045
29224
25392
21507
19281
22840
18804
21362
21887
30475
15975
27858
15623
15228
15216
14604
14234
14038
28979
33168
40932
63176
80892
0
['s', 'w', 25, 161, 55, 59, 29, 63, 17, 'd', 'a', 5, 'd', 45, 205, 75, 153, 3, 181, 241, 249, 133, 191, 173, 229, 246, 40, 244, 6, 210, 8, 212, 10, 178, 12, 176, 14, 142, 16, 144, 50, 110, 84, 112, 118, 114, 116, 80, 114, 82, 148, 84, 182, 50, 216, 16]
