Game 1
5101
7692
8465
8617
9193
10114
11688
6499
8887
6594
9849
5894
6196
7642
4685
7972
8287
8280
8484
7289
6492
5844
5132
5070
5731
4789
3997
6160
6433
6982
6790
7436
7272
7496
7440
8033
9189
11852
13788
1
['s', 175, 's', 'w', 's', 'w', 91, 229, 195, 261, 'd', 233, 's', 'd', 199, 'd', 167, 185, 21, 143, 'w', 111, 107, 41, 17, 129, 99, 79, 'w', 'a', 'w', 'a', 'd', 'a', 's', 'w', 63, 'w', 31, 108, 114, 110, 116, 144, 150, 178, 148, 180, 182, 146, 180, 148, 178, 150, 144, 116, 110, 114, 108, 80, 142, 82, 176, 84, 210, 50, 244, 48, 242, 46, 276]
Game 2
4985
7510
7083
8214
7900
9572
9617
9326
12583
15589
14544
9198
11238
11149
10928
8730
9037
5939
5887
6272
7522
7086
6717
6253
5824
9511
14055
15827
15923
0
['s', 95, 's', 'w', 's', 'w', 's', 'w', 's', 227, 1, 213, 159, 177, 47, 231, 127, 235, 29, 107, 165, 5, 117, 189, 7, 249, 55, 'd', 181, 146, 178, 144, 180, 142, 146, 108, 144, 74, 142, 76, 108, 42, 74, 8]
Game 3
5424
7151
7699
5786
5706
4213
5245
3758
6228
3206
5216
3155
6549
7240
6693
6745
6682
6391
6216
8761
8053
5964
10041
7357
7982
0
['s', 167, 25, 161, 21, 157, 61, 57, 'a', 39, 'd', 13, 139, 87, 193, 15, 81, 241, 53, 187, 35, 'd', 65, 'w', 75, 214, 44, 180, 46, 182, 12, 148, 10, 146, 8, 144, 6, 142, 4, 108, 2, 106, 0, 104, 34, 102, 68, 34.0, 102, 0.0]
Game 4
5009
7782
7563
7265
8404
8207
10404
10419
13247
15436
14998
11219
13255
11417
11438
10098
10409
6882
8927
4563
7610
4554
9005
8548
7987
7473
7077
11445
13986
8283
13723
7300
11587
7915
9865
12633
13808
0
['s', 191, 's', 'w', 's', 'w', 's', 'w', 's', 261, 151, 'w', 125, 213, 93, 211, 'w', 231, 'd', 235, 'a', 141, 13, 7, 21, 49, 1, 223, 97, 'd', 43, 'a', 'wa', 's', 3, 'w', 27, 146, 144, 112, 146, 110, 112, 108, 110, 74, 108, 76, 106, 42, 140, 8]
Game 5
5303
7357
7939
8327
9309
9479
10777
11332
13195
15622
14906
13118
14160
11438
11272
11180
10351
8511
8835
8013
7798
7890
6327
6222
5856
5696
5302
9147
10483
1
['s', 171, 's', 'w', 's', 'w', 's', 'w', 's', 261, 91, 'd', 157, 213, 95, 209, 63, 163, 21, 145, 99, 189, 87, 139, 181, 255, 125, 103, 265, 214, 178, 248, 144, 250, 142, 252, 140, 286, 106, 284, 108, 282, 110, 280, 112, 278, 146, 276, 148, 242, 150, 240, 184, 238, 218, 204, 252, 170, 286]
Game 6
5390
7209
7071
4011
5674
4247
5132
5277
5807
5956
6521
6971
6879
5061
3286
3260
3387
3175
3170
3466
3293
2532
2790
3187
3378
3772
3119
3453
3909
4179
4443
4610
4767
4926
5105
5237
5419
5711
5763
6002
6136
1
['s', 163, 227, 159, 245, 155, 'd', 'd', 's', 'd', 'd', 'w', 'd', 167, 85, 255, 89, 259, 93, 263, 'a', 97, 65, 267, 231, 15, 61, 'd', 23, 'w', 'd', 'a', 'd', 'a', 's', 'a', 'a', 'a', 'a', 'a', 57, 174, 148, 172, 146, 170, 144, 136, 142, 102, 140, 104, 138, 106, 136, 108, 170, 110, 204, 112, 206, 114, 208, 116, 210, 118, 212, 84, 214, 82, 216, 80, 218, 78, 252, 76, 254, 74, 288]
Game 7
5423
7503
7842
6278
5652
4690
5299
5324
5311
6376
8077
5845
7406
4668
6829
4303
6316
4181
6487
7187
6773
7820
6185
5469
5523
5202
5440
5827
6028
1
['s', 77, 25, 161, 21, 157, 's', 'd', 97, 147, 's', 107, 'a', 39, 'd', 79, 65, 47, 83, 217, 265, 'd', 247, 57, 149, 'd', 177, 'w', 85, 218, 144, 184, 146, 150, 112, 116, 78, 114, 44, 148, 46, 182, 12, 216, 10, 214, 8, 212, 6, 246, 4, 244, 2, 210, 36, 176, 70, 174, 72, 172, 106, 138, 140, 104, 138, 106, 172, 72, 206, 38, 240, 36, 274]
Game 8
5383
7638
6346
5776
7142
5842
7638
5253
4093
5839
7637
5704
7557
5512
6268
5089
6064
5198
6318
7573
6473
7714
7036
7909
7453
8212
8090
5196
9074
6117
10576
7663
11484
11578
12189
14175
15339
0
['s', 159, 's', 'd', 231, 'a', 'a', 155, 261, 'd', 's', 221, 'd', 111, 'w', 43, 'a', 173, 'd', 23, 'w', 17, 103, 165, 95, 71, 3, 'd', 11, 'd', 13, 'd', 15, 'a', 35, 'd', 39, 254, 76, 220, 110, 186, 108, 152, 106, 118, 72, 84, 38, 50, 4, 16]
Game 9
5698
7547
7771
8379
9487
5532
6721
5327
5489
4061
5386
4664
3645
6073
6318
5292
4294
4119
4398
3350
3353
4338
4286
4539
4690
4889
4982
5509
5592
1
['s', 249, 's', 'w', 25, 161, 21, 157, 63, 165, 119, 139, 133, 201, 129, 125, 17, 73, 205, 57, 11, 197, 'd', 'w', 'w', 'w', 'a', 'd', 31, 182, 40, 184, 38, 186, 72, 152, 106, 150, 140, 148, 142, 146, 144, 142.0, 146, 140.0, 148, 106.0, 150, 72.0, 152, 38.0, 186, 40.0, 184, 42.0, 182, 44.0, 180, 78.0, 178, 80.0, 212, 82.0, 246, 84.0, 280]
Game 10
5212
7282
6730
4048
5417
4175
6140
5580
6918
6674
7420
7741
7589
7541
8961
7700
8243
7382
4958
2753
4445
2717
4592
5338
4680
3772
4532
5167
5986
5939
0
['s', 163, 193, 159, 123, 223, 's', 'w', 's', 'w', 's', 'a', 175, 'd', 29, 'd', 167, 109, 205, 41, 85, 25, 103, 231, 179, 3, 217, 51, 'w', 49, 112, 180, 114, 182, 116, 184, 118, 218, 84, 252, 50, 286, 16, 284, 14, 282, 12, 280, 10, 278, 8, 276, 6, 274, 40, 272, 74, 238, 108, 204, 106, 170, 104, 172, 138, 104.0, 172, 106.0, 170, 72.0, 204, 38.0, 238, 4.0]
