Game 1
5354
7431
7886
5604
6026
3487
5290
4447
5014
4335
5830
5848
6249
3646
5811
5924
5806
6463
5961
6996
7082
4667
6412
4361
7268
9634
9436
4739
10767
7863
9740
8103
10355
10642
10779
0
['s', 13, 23, 159, 95, 163, 19, 155, 31, 199, 's', 'w', 'd', 45, 'a', 'w', 's', 'w', 's', 113, 'a', 105, 'a', 85, 77, 41, 119, 'd', 89, 's', 215, 'a', 229, 'a', 179, 244, 106, 278, 108, 280, 110, 282, 76, 284, 42, 250, 44, 216, 10, 218, 12, 220, 46, 186, 80, 152, 82, 118, 116, 84, 150, 82, 184, 80, 186, 46, 220, 12]
Game 2
5168
7421
7835
8240
9435
8760
10094
9604
13418
15706
14697
9499
11939
11831
9486
10486
9387
3545
5726
3401
4570
3464
3496
2640
3290
3166
3254
2852
3306
3513
3692
1
['s', 17, 's', 'w', 's', 'w', 's', 'w', 's', 227, 11, 179, 159, 223, 155, 255, 'wa', 205, 21, 109, 25, 197, 79, 149, 29, 81, 49, 'a', 117, 'a', 185, 170, 174, 136, 172, 102, 170, 68, 136, 70, 102, 72, 68, 74, 70, 76, 72, 110, 74, 144, 76, 146, 110, 148, 144, 114, 146, 80, 148, 46, 114, 48, 80, 82, 46, 116, 48, 150, 82, 184, 116, 218, 150, 252, 184, 254, 218, 220, 252, 186, 286]
Game 3
5649
7327
8009
8136
9312
5938
8030
5874
6837
6466
8459
3313
3262
5401
6285
4654
6841
5886
7240
6758
6596
3330
4734
4272
4316
4356
4725
4841
4925
5103
5274
5595
5556
5931
6060
6304
6463
6874
6967
7583
7511
8166
7934
8895
8759
9978
9857
10987
11190
12180
12652
12242
14238
7942
13719
11948
12660
21244
26349
1
['s', 235, 's', 'w', 25, 263, 21, 259, 's', 'w', 'd', 163, 195, 231, 's', 111, 'd', 115, 211, 43, 181, 29, 267, 49, 'w', 's', 'w', 'd', 'd', 'd', 's', 'd', 'd', 'd', 'w', 's', 'w', 'a', 'w', 'a', 'a', 'a', 'a', 'a', 'a', 'a', 'a', 'a', 'a', 'a', 'a', 'w', 155, 'w', 171, 'd', 159, 'a', 119, 240, 2, 238, 36, 204, 70, 170, 104, 136, 106, 138, 140, 142.0, 138, 108.0, 136, 74.0, 170, 40.0, 204, 38.0, 238, 36.0, 272]
Game 4
5007
7295
7867
8346
8433
10233
10913
5865
8472
7686
11651
12383
12158
10065
7910
6371
9699
2795
7613
5103
8000
7797
8772
8840
8932
11316
12222
9260
17394
8666
12635
9808
12712
7760
6671
4047
4490
5026
7331
9356
9908
10514
10731
1
['s', 115, 's', 'w', 's', 'w', 23, 229, 's', 'w', 's', 211, 'd', 181, 'w', 143, 'w', 113, 59, 191, 'w', 163, 'a', 1, 'a', 187, 3, 'w', 5, 's', 27, 'd', 75, 'a', 31, 'w', 73, 'w', 13, 'w', 'w', 'd', 53, 80, 40, 46, 42, 44, 46.0, 42, 80.0, 40, 82.0, 74, 116.0, 108, 150.0, 142, 184.0, 140, 218.0, 106, 252.0, 72, 286.0]
Game 5
5458
7217
7083
6876
8288
4476
5859
5406
5056
6285
7890
5424
7450
6753
4885
6527
7445
5767
5936
6114
6788
6460
8137
6891
5106
8627
7212
8452
7524
7528
8463
8196
0
['s', 163, 's', 'w', 193, 159, 211, 155, 213, 's', 97, 115, 241, 'a', 51, 'd', 133, 255, 55, 'a', 253, 7, 71, 31, 'a', 'w', 'a', 89, 'd', 259, 'd', 263, 110, 210, 144, 208, 142, 174, 140, 172, 138, 170, 136, 102.0, 170, 136.0, 172, 138.0, 174, 140.0, 176, 106.0, 178, 108.0, 180, 110.0, 214, 76.0, 248, 42.0, 250, 8.0]
Game 6
5067
6866
6820
5253
7304
6295
7666
6451
6910
5202
6513
5619
7736
6578
4229
6681
6944
6729
7148
6745
6242
6833
7736
4097
7459
8608
9091
8931
0
['s', 245, 263, 125, 199, 191, 15, 'd', 95, 'd', 's', 'w', 133, 267, 215, 'w', 81, 195, 23, 187, 29, 235, 43, 91, 'a', 73, 'w', 53, 38, 218, 36, 220, 34, 186, 68, 152, 102, 150, 136, 148, 170, 146, 172, 144, 174, 142, 176, 140, 178, 106, 180, 72, 182, 70, 184, 68, 186, 34, 220, 0]
Game 7
5359
7389
7282
6505
8991
9091
10869
9581
13768
15572
14863
12758
12618
8895
11000
4674
6948
8843
7775
7789
6101
7636
8411
7947
7457
6933
6536
4363
4367
4427
5390
6173
6256
0
['s', 191, 's', 'w', 's', 'w', 's', 'w', 's', 263, 243, 211, 'd', 215, 161, 197, 'a', 'a', 157, 'a', 153, 47, 143, 29, 45, 115, 41, 183, 207, 93, 233, 'a', 73, 206, 178, 240, 180, 274, 182, 276, 148, 242, 114, 208, 112, 210, 110, 244, 108, 278, 74, 280, 40, 282, 6, 284, 8, 250, 10, 252, 12, 254, 14, 220, 16, 186, 50, 152, 84, 118, 152.0, 84, 186.0, 50, 220.0, 16]
Game 8
5312
7228
8201
7551
9425
5694
6507
7508
7530
7863
8249
7770
10830
8598
10515
8453
9684
7903
8821
7122
7405
7527
4701
5533
5133
9517
11136
1
['s', 43, 's', 'w', 25, 161, 's', 'w', 's', 'a', 21, 261, 17, 251, 219, 3, 45, 265, 13, 109, 177, 113, 225, 85, 71, 7, 229, 208, 110, 206, 76, 240, 74, 242, 108, 244, 142, 246, 176, 248, 210, 250, 208, 216, 206, 182, 240, 148, 274]
Game 9
5645
6838
6052
3516
5545
5188
7393
4919
7766
4348
5672
5623
7102
6285
6713
5776
6185
5066
4980
5478
5614
5083
4524
5468
6009
5877
6085
1
['s', 159, 25, 197, 'd', 'w', 's', 163, 89, 'd', 215, 201, 213, 155, 21, 105, 'd', 145, 17, 77, 131, 61, 95, 187, 29, 's', 241, 280, 82, 246, 48, 212, 46, 178, 44, 176, 42, 174, 76, 172, 74, 170, 72, 136, 70, 102, 104, 68, 138, 34, 136, 36, 170, 38, 172, 40, 174, 42, 208, 44, 242, 46, 276]
Game 10
5089
7413
5804
4622
7269
3980
5036
4691
6519
3434
6896
3634
7170
4040
8659
4350
9572
4130
8844
4117
10465
11151
9983
10188
9346
9458
8971
8139
9215
6793
6500
7938
16656
13372
19775
23578
27940
33608
33507
0
['s', 159, 'd', 'w', 25, 61, 55, 'w', 'a', 'w', 's', 'd', 's', 'w', 's', 'w', 'd', 163, 'd', 115, 'a', 257, 247, 173, 11, 3, 77, 1, 47, 107, 51, 31, 119, 'sa', 'a', 'w', 5, 'a', 75, 144, 108, 110, 74, 76, 72, 42, 106, 40, 140, 6]
