Game 1
5804
7154
6041
5770
6796
6623
7352
5990
9596
8173
10317
5041
8420
4485
6832
5564
6234
5126
4969
5732
4291
5351
3853
4695
4052
5222
3590
5625
7847
8861
6990
7910
9153
10089
0
['s', 159, 's', 'w', 's', 'd', 197, 'w', 's', 'a', 'a', 107, 25, 111, 15, 121, 179, 187, 17, 267, 227, 'a', 21, 'a', 217, 'w', 39, 95, 69, 47, 'w', 131, 'd', 83, 76, 208, 42, 242, 44, 276, 46, 278, 12, 280, 14, 282, 48, 284, 82, 286, 116, 288, 114, 254, 112, 220, 146, 186, 180, 152, 182, 118, 184, 84, 218, 50, 252, 16]
Game 2
5233
7280
7900
4476
5616
5839
3737
6021
7660
5817
6849
5262
4270
4491
3435
3778
4372
3225
3425
1948
3852
4453
5639
0
['s', 231, 261, 159, 'd', 'a', 243, 61, 55, 13, 65, 43, 265, 25, 91, 223, 17, 255, 87, 241, 145, 109, 51, 280, 46, 282, 12, 284, 10, 286, 8, 252, 6, 218, 40, 216, 42, 214, 76, 212, 74, 178, 72, 176, 70, 174, 68, 140, 102, 106, 136, 104, 170, 102, 204, 68, 206, 70, 208, 72, 210, 74, 244, 76, 246, 42, 248, 40, 250, 6]
Game 3
4853
7644
8289
8458
9260
6368
6640
4817
5437
4069
5674
6708
6306
5890
7092
6834
6860
7577
6992
4987
3698
4907
4296
4314
6097
6882
1
['s', 207, 's', 'w', 25, 161, 55, 157, 29, 199, 's', 'w', 175, 'd', 181, 153, 133, 113, 11, 97, 229, 77, 65, 89, 219, 1, 76, 212, 42, 210, 44, 244, 78, 278, 80, 280, 82, 282, 84, 284, 118, 286, 116, 288, 114, 254, 148, 220, 182, 186, 184, 152, 186, 150, 220, 148, 254, 114, 288]
Game 4
5347
5290
3881
6340
3796
6959
4451
7779
4179
9224
8854
5225
4656
6150
5706
8400
4577
8230
4348
10290
10582
8793
6733
7922
8024
6779
6093
5695
5139
4906
5113
4842
8364
13802
21803
22044
24511
24911
26898
27287
33023
33180
1
['d', 265, 's', 'w', 's', 'w', 159, 'w', 's', 261, 's', 269, 's', 257, 'a', 'd', 163, 'd', 167, 225, 97, 221, 181, 's', 231, 193, 71, 141, 117, 'd', 119, 's', 5, 31, 'd', 'a', 'd', 'a', 's', 'a', 'a', 77, 244, 212, 242, 210, 240, 208, 238, 174, 272]
Game 5
5464
7421
7820
4694
5303
4088
5492
5995
5483
6072
6589
7150
5686
8547
9703
8893
9780
8927
8372
7045
5305
5525
4656
4215
3628
4026
4501
4590
5377
0
['s', 225, 23, 159, 27, 163, 's', 'w', 's', 'w', 's', 'a', 175, 'w', 31, 245, 151, 111, 233, 221, 179, 125, 39, 121, 87, 137, 'a', 61, 181, 210, 140, 212, 174, 246, 208, 248, 206, 250, 204, 252, 170, 254, 136, 220, 102, 186, 104, 152, 106, 118, 108, 84, 74, 82, 76, 80, 78, 76.0, 112, 110.0, 146, 108.0, 148, 106.0, 150, 104.0, 184, 102.0, 218, 68.0, 220, 34.0, 254, 0.0]
Game 6
5566
7138
7755
8242
8679
9381
10989
10969
13052
15500
14894
13405
12856
12908
12249
4226
8118
2546
7930
7425
8712
9327
8218
8927
9334
9032
8592
13111
11448
5698
3578
3476
7321
5516
8436
5196
9059
10265
10118
1
['s', 137, 's', 'w', 's', 'w', 's', 'w', 's', 263, 93, 259, 's', 215, 21, 207, 'd', 147, 'a', 139, 'w', 9, 'w', 'w', 3, 49, 41, 141, 79, 's', 51, 'w', 39, 'a', 17, 'w', 129, 'w', 239, 74, 110, 108, 106.0, 104.0, 102.0, 138.0, 136.0, 172.0, 170.0, 206.0, 204.0, 240.0, 238.0, 274.0, 272.0]
Game 7
5210
7617
7645
5755
5643
6377
6589
4681
5586
4061
4727
5166
6523
2547
5533
5831
6666
6638
6574
6223
6197
8521
8890
9888
10274
11120
11772
1
['s', 155, 25, 161, 's', 'w', 55, 91, 29, 197, 87, 77, 'a', 35, 'd', 59, 209, 141, 219, 45, 193, 229, 245, 'd', 201, 'd', 99, 216, 74, 214, 72, 212, 70, 210, 36, 244, 2, 278, 0, 276, 34, 242, 68, 208, 102, 174, 136, 172, 170, 136, 204, 102, 238, 68, 272]
Game 8
5168
7358
8104
8016
8495
8789
11011
10316
14020
15913
14929
9662
12377
10028
11560
11678
10882
10010
9528
8888
8391
7965
7519
6447
6056
5622
5267
22710
38679
1
['s', 241, 's', 'w', 's', 'w', 's', 'w', 's', 227, 269, 213, 161, 'a', 157, 177, 153, 1, 63, 3, 107, 5, 181, 7, 259, 9, 189, 11, 55, 210, 178, 208, 180, 242, 214, 244, 248, 246, 282]
Game 9
4563
3782
5719
3434
6854
3268
5743
5962
6506
6969
5454
8179
6334
8510
6932
9027
11447
11969
3842
3020
6568
5240
3944
3973
5369
3889
5207
5148
4837
4785
4743
7947
7190
7429
7533
7734
7744
8462
8469
8656
8386
8657
8912
9100
9320
9278
9142
8993
8902
9392
9327
9192
9430
10875
10494
24121
24300
30777
30040
35666
35420
50152
57025
176327
178016
0
[127, 'w', 's', 'w', 'a', 55, 'd', 'w', 's', 'a', 's', 'w', 'a', 'w', 41, 123, 51, 119, 89, 77, 25, 131, 45, 83, 29, 269, 'd', 177, 'w', 1, 'w', 3, 'd', 'a', 's', 'a', 's', 's', 'd', 'd', 'd', 'd', 'w', 'd', 'w', 'w', 'd', 'w', 's', 'd', 's', 's', 's', 's', 47, 'd', 's', 'd', 's', 'w', 'a', 'w', 65, 'd', 15, 16]
Game 10
5185
7297
7000
4025
5957
3305
4440
3916
4384
5406
5512
6129
5666
6491
5875
5763
6265
5301
4865
4379
4050
4265
4319
4829
4787
1
['s', 163, 261, 57, 'a', 5, 'd', 43, 53, 25, 65, 167, 257, 13, 247, 159, 187, 97, 191, 15, 195, 'a', 215, 'a', 125, 274, 40, 272, 6, 238, 8, 204, 10, 206, 12, 208, 46, 210, 80, 212, 78, 214, 112, 248, 146, 282, 144, 284, 142, 250, 140, 216, 174, 182, 176, 180, 178, 176.0, 180, 174.0, 182, 140.0, 216, 106.0, 250, 72.0, 284]
