Game 1
5770
7566
7178
4048
5971
5005
5166
5704
7111
6294
8185
7157
8063
8601
7987
6954
7118
7023
7808
6892
6907
6268
5582
5730
5389
10256
11212
12499
12716
1
['s', 231, 261, 91, 55, 157, 'd', 'd', 's', 'w', 's', 'a', 227, 235, 119, 257, 209, 107, 5, 173, 25, 43, 187, 1, 's', 3, 97, 'a', 221, 246, 180, 248, 178, 282, 176, 280, 174, 278, 208, 276, 242, 274, 240, 272, 238, 240, 272]
Game 2
4670
7569
8320
8064
8959
10165
10979
9824
13575
15736
14840
10089
11883
7846
10721
2539
7543
9349
9811
10184
9171
8451
7156
6296
6916
9062
9524
6885
10740
7161
13581
15417
14365
0
['s', 9, 's', 'w', 's', 'w', 's', 'w', 's', 229, 105, 225, 57, 179, 'a', 221, 'w', 111, 27, 257, 53, 45, 17, 129, 99, 15, 155, 'w', 65, 'w', 75, 's', 47, 142, 108.0, 74.0, 142.0, 72.0, 144.0, 70.0, 110.0, 68.0, 76.0, 34.0, 78.0, 36.0, 112.0, 38.0, 114.0, 4.0]
Game 3
4834
7712
7867
7946
9752
9292
11076
10633
13017
15526
14611
5951
5391
6910
9954
8274
8374
5448
7975
4035
7261
3829
8935
8799
8126
7501
7289
11777
15885
12941
13191
14694
15919
16092
16134
1
['s', 233, 's', 'w', 's', 'w', 's', 'w', 's', 229, 59, 211, 159, 191, 199, 'd', 95, 185, 'w', 141, 'd', 117, 'd', 181, 75, 195, 63, 5, 31, 'w', 111, 'w', 13, 'd', 125, 116, 150, 82, 116, 84, 82, 118, 84, 152, 118, 186, 152, 220, 186, 254, 220, 288, 254, 286, 288]
Game 4
5382
7502
8142
8142
9404
5665
6168
4113
4986
5043
6634
5806
7066
4681
5758
6023
6669
6649
6100
5050
5820
5092
5041
6950
7155
7089
7674
8829
8859
9828
9742
0
['s', 219, 's', 'w', 25, 161, 123, 91, 131, 113, 17, 'a', 'a', 39, 'd', 43, 191, 35, 209, 187, 211, 167, 15, 47, 'a', 's', 'w', 'd', 263, 'd', 149, 284, 6, 250, 4, 216, 38, 182, 72, 180, 106, 178, 104, 176, 138, 142, 172, 140, 174, 138, 176, 104, 178, 70, 212, 36, 246, 38, 248, 4]
Game 5
5117
6758
6743
7891
8520
8170
10285
10207
13688
15139
14606
9226
12525
11965
9922
4696
5584
6896
6378
4826
5208
4292
4799
4745
4619
3488
4969
5206
5037
4533
4602
5063
5036
5343
5542
1
['s', 191, 's', 'w', 's', 'w', 's', 'w', 's', 227, 17, 179, 159, 209, 155, 187, 'wa', 265, 21, 109, 25, 93, 47, 59, 29, 131, 'a', 'a', 'a', 'a', 15, 'd', 83, 'a', 147, 170.0, 136, 102.0, 68.0, 34.0, 70.0, 68.0, 72.0, 70.0, 74.0, 72.0, 76.0, 74.0, 78.0, 76.0, 80.0, 78.0, 114.0, 80.0, 112.0, 114.0, 146.0, 112.0, 180.0, 146.0, 214.0, 180.0, 248.0, 214.0, 246.0, 216.0, 280.0]
Game 6
4973
7486
7757
5846
5383
5895
7147
3876
5452
4633
5034
5085
5706
4506
4339
4041
5834
4771
5104
5108
7102
8730
7407
4503
5673
5297
3931
5769
9121
11287
11857
1
['s', 97, 25, 161, 21, 259, 'd', 165, 'a', 125, 'a', 'w', 's', 73, 17, 121, 'd', 77, 41, 59, 133, 151, 157, 'a', 45, 'a', 189, 'w', 223, 'a', 65, 204, 110, 170, 108, 136, 74, 138, 40, 140, 38, 142, 72, 144, 106, 146, 104, 112, 102, 114, 136, 116, 170, 118, 204, 84, 238, 82, 272]
Game 7
4895
7324
8063
5927
5846
6000
6104
7111
8779
6269
7911
6323
5392
6850
7190
6636
5533
7400
7699
7183
6529
6502
6138
5357
5276
5442
6165
6259
0
['s', 187, 23, 159, 's', 'd', 27, 195, 129, 'w', 65, 'w', 177, 'd', 199, 191, 217, 123, 225, 43, 5, 91, 81, 87, 'a', 37, 'a', 215, 38, 250, 4, 284, 2, 286, 36, 252, 70, 218, 68, 220, 102, 186, 136, 152, 138, 150, 140, 148, 142, 146, 144, 142.0, 146, 140.0, 180, 138.0, 182, 104.0, 184, 102.0, 186, 68.0, 220, 34.0, 254, 0.0]
Game 8
5320
7125
7959
8829
8615
9510
10811
9839
13696
15110
13340
12658
9861
7813
11414
8213
9696
6722
7834
6550
8712
8260
7088
6221
4803
3553
5636
5310
5883
6079
6163
6481
6639
1
['s', 179, 's', 'w', 's', 'w', 's', 'w', 's', 227, 159, 209, 'wa', 'a', 'a', 187, 155, 191, 119, 107, 55, 27, 71, 85, 75, 111, 59, 95, 63, 'd', 83, 'a', 31, 170.0, 136, 138.0, 140.0, 106.0, 72.0, 74.0, 108.0, 142.0, 144.0, 110.0, 76.0, 78.0, 80.0, 82.0, 116.0, 150.0, 184.0, 152.0, 218.0, 118.0, 252.0, 84.0, 286.0]
Game 9
5192
3551
3752
3382
3347
4230
5143
4130
5613
4050
5293
4683
5470
6356
5307
6070
4304
5456
4523
5003
5395
5420
5050
5894
5052
4987
5388
5751
5952
1
[127, 159, 'd', 131, 121, 'w', 's', 'w', 'd', 167, 'a', 141, 'a', 229, 163, 187, 177, 259, 85, 173, 215, 7, 91, 59, 267, 'w', 263, 'd', 201, 182, 44, 216, 46, 250, 80, 252, 114, 254, 112, 288, 110, 286, 108, 284, 106, 282, 104, 280, 102, 278, 136, 276, 138, 274, 140, 240, 174, 242, 208, 174.0, 242, 140.0, 240, 138.0, 274]
Game 10
5368
7561
7589
8286
8909
8873
11281
10029
13472
15531
14864
10810
12220
12449
12010
11167
10345
8885
9092
8015
7935
8262
7663
7188
6785
5855
5775
9927
10772
0
['s', 29, 's', 'w', 's', 'w', 's', 'w', 's', 263, 157, 211, 161, 187, 55, 267, 205, 259, 51, 'd', 181, 253, 223, 191, 143, 185, 231, 117, 65, 214, 246, 212, 248, 246, 250, 248, 252, 250, 218, 252, 184, 218, 150, 184, 116, 150, 82, 116, 84, 82, 118, 80, 152, 46, 186, 44, 220, 10]
