Game 1
5059
7361
7411
8272
9385
9503
10845
9707
13205
15677
14931
12992
12538
10801
8832
4974
3503
6357
4487
9096
8188
7628
7086
6174
5806
5524
5189
7698
7873
10266
10463
1
['s', 85, 's', 'w', 's', 'w', 's', 'w', 's', 229, 127, 211, 'd', 181, 57, 'd', 131, 143, 151, 233, 157, 269, 201, 1, 103, 3, 89, 5, 9, 'sa', 187, 178, 180, 144, 146, 148.0, 150.0, 182.0, 184.0, 216.0, 182.0, 218.0, 216.0, 220.0, 218.0, 254.0, 220.0, 252.0, 254.0, 250.0, 252.0, 284.0, 250.0, 282.0, 284.0]
Game 2
4979
7679
7743
8715
9428
9501
10919
11063
13233
15595
14470
15383
12189
7482
10860
2499
5842
6382
9738
10204
8515
8405
5879
7158
7658
9297
8952
3725
4150
4654
4928
2516
5239
3063
6185
8375
8485
1
['s', 117, 's', 'w', 's', 'w', 's', 'w', 's', 227, 'd', 231, 59, 235, 'a', 177, 'w', 109, 55, 149, 63, 11, 'w', 91, 31, 121, 49, 'w', 71, 'd', 137, 'w', 205, 'd', 81, 'w', 13, 78, 112, 76, 78, 74, 76, 72, 74, 106, 72, 108, 106, 142, 108, 176, 142, 210, 176, 208, 210, 242, 208, 276, 242, 274, 276]
Game 3
5383
7536
8048
8590
8885
9803
10670
10639
13610
15503
14648
10052
11312
8526
10845
8775
9164
6051
7284
3516
8716
8247
7749
7105
6822
10335
11038
9666
10398
11815
11967
14524
13554
0
['s', 45, 's', 'w', 's', 'w', 's', 'w', 's', 229, 77, 211, 161, 179, 89, 225, 'wa', 221, 'w', 109, 19, 199, 1, 165, 5, 269, 7, 's', 9, 'w', 13, 's', 15, 178, 108, 176, 106, 142, 104, 108, 70, 106, 72, 104, 74, 70, 76, 68, 110, 34, 144, 0]
Game 4
4896
7159
7204
4737
5869
3212
4053
3848
4749
5675
5890
6312
6367
7350
6324
8082
5555
5366
4531
5620
4450
6251
3320
3985
4292
3731
4836
4038
4717
4685
4894
5141
5305
1
['s', 191, 263, 59, 'd', 11, 199, 41, 'w', 'a', 'a', 'w', 'a', 'w', 's', 'd', 195, 257, 's', 221, 211, 207, 217, 89, 167, 39, 163, 53, 159, 'd', 231, 'a', 17, 246, 40, 248, 6, 250, 4, 284, 38, 286, 36, 252, 34, 218, 68, 220, 102, 186, 136, 184, 170, 182, 172, 180, 174, 178, 176, 174.0, 178, 140.0, 180, 106.0, 182, 104.0, 184, 70.0, 186, 68.0, 220, 34.0, 254, 36.0, 288]
Game 5
5525
7688
5658
5725
7114
5736
8628
8535
10438
5522
7288
6702
6873
8531
11055
2619
4962
5939
4055
5679
4664
3058
3313
3030
3732
3611
3860
4451
5544
5642
5535
1
['s', 159, 's', 'w', 'd', 'd', 's', 'w', 197, 163, 's', 'd', 183, 111, 57, 113, 251, 45, 215, 43, 155, 201, 17, 187, 21, 191, 'w', 227, 179, 's', 223, 284, 78, 282, 44, 248, 10, 246, 8, 244, 42, 242, 40, 240, 38, 238, 72, 204, 106, 206, 140, 208, 138, 210, 136, 212, 170, 178, 172, 176, 174, 172.0, 176, 170.0, 178, 136.0, 212, 102.0, 210, 68.0, 208, 34.0, 206, 36.0, 204, 38.0, 238, 40.0, 272]
Game 6
5126
6825
6570
5831
6507
6194
8153
6735
9085
7179
8771
7269
8449
7725
7928
6650
6725
6415
6099
5302
4912
3569
3776
3817
4770
4941
4951
5648
5505
0
['s', 159, 's', 'd', 265, 'd', 251, 175, 25, 149, 269, 127, 'a', 189, 51, 221, 's', 109, 261, 225, 257, 41, 'w', 21, 83, 'a', 1, 'd', 89, 282, 40, 280, 38, 278, 36, 276, 2, 274, 4, 272, 6, 238, 8, 240, 10, 242, 12, 244, 46, 246, 80, 212, 114, 178, 148, 180, 182, 146, 216, 148, 250, 114, 248, 80, 246, 46, 244, 12]
Game 7
5277
7163
8025
8264
9178
10186
11689
6667
7720
7176
8790
9455
11175
13901
12939
10096
10353
9769
9053
5264
3435
8200
7607
7239
6674
6373
5916
10156
11735
17970
18930
1
['s', 81, 's', 'w', 's', 'w', 91, 159, 's', 'w', 'd', 'd', 's', 229, 153, 215, 95, 177, 65, 233, 107, 1, 127, 3, 189, 5, 83, 7, 163, 'sa', 31, 178, 180, 182.0, 184.0, 216.0, 218.0, 220.0, 254.0, 288.0, 288.0]
Game 8
4971
7191
6604
5709
7188
3448
6668
5783
6964
7134
8138
8169
8835
9841
10030
8280
7755
9311
10448
8920
9262
8506
8423
7913
7287
6613
5733
5805
6122
6339
5456
5740
6084
6092
0
['s', 159, 's', 'w', 61, 163, 'a', 'a', 'a', 'w', 's', 'w', 175, 121, 37, 'd', 167, 's', 25, 261, 97, 'a', 91, 255, 225, 69, 87, 125, 17, 129, 'd', 79, 'd', 183, 112, 212, 78, 246, 76, 244, 42, 242, 44, 240, 46, 206, 48, 172, 82, 138, 84, 140, 118, 142, 152, 144, 150, 146, 148, 150.0, 146, 116.0, 144, 118.0, 142, 84.0, 140, 50.0, 174, 16.0]
Game 9
5271
7262
7411
6817
8614
4982
6027
6711
7609
5076
9174
5848
9325
7056
10841
5273
6372
6094
8525
10227
8787
8554
9037
8129
7557
5450
6397
5849
4698
4740
6146
5353
5609
0
['s', 231, 's', 'w', 59, 159, 's', 'w', 'd', 'd', 27, 179, 's', 'w', 'd', 235, 'a', 109, 5, 147, 73, 'w', 23, 189, 31, 127, 97, 93, 121, 175, 115, 'd', 51, 148, 180, 182, 214, 184, 216, 150, 182, 116, 184, 118, 150, 84, 116, 82, 118, 80, 84, 78, 82, 76, 80, 74, 78, 108, 76, 142, 74, 140, 108, 138, 142, 136, 140, 102, 174, 68, 172, 70, 170, 72, 204, 38, 238, 4]
Game 10
5050
7622
7412
5963
5519
5966
6991
5405
7364
7196
8546
6251
5579
5693
7551
6781
7827
6563
6240
5607
5656
5464
6301
7271
9212
1
['s', 63, 25, 161, 21, 225, 17, 'd', 's', 'd', 'd', 165, 99, 139, 29, 235, 123, 127, 103, 261, 41, 79, 81, 3, 249, 250, 112, 216, 110, 214, 108, 212, 106, 210, 104, 208, 138, 206, 172, 138.0, 206, 104.0, 240, 106.0, 274]
