Game 1
11226
7934
11825
11730
11152
11649
10620
10362
9871
10949
10606
9602
10593
10681
8875
9558
9196
9189
8860
8917
8428
7908
7384
7038
6838
9914
6750
19552
23906
0
[127, 'a', 259, 79, 's', 'd', 55, 'd', 97, 75, 31, 37, 'd', 49, 'a', 255, 'a', 21, 'd', 25, 267, 119, 141, 217, 159, 'a', 227, 147, 263, 282, 44, 284, 46, 286, 12, 288, 10, 254, 8, 220, 6, 186, 4, 184, 2, 182, 36, 216, 70, 214, 104, 180, 106, 146, 140, 144, 174, 142, 208, 108, 210, 106, 212, 104, 214, 70, 216, 36, 182, 2]
Game 2
11226
7093
7637
7205
11148
8197
11591
11402
11155
12028
12142
12176
12828
11522
9618
10389
10609
10481
9797
10748
8625
8437
11089
9114
13945
13666
14563
15887
16547
17082
17975
18399
0
[125, 265, 129, 'a', 's', 'a', 21, 'w', 's', 'w', 's', 'w', 17, 223, 121, 269, 141, 153, 25, 261, 189, 255, 29, 81, 49, 243, 'w', 103, 'd', 'a', 'd', 61, 78, 170, 76, 204, 42, 206, 44, 208, 46, 210, 48, 176, 82, 142, 116, 144, 150, 146, 184, 148, 218, 150, 216, 116, 214, 118, 212, 84, 210, 50, 208, 16]
Game 3
11292
13571
13530
14498
14575
15270
16269
13871
11621
13880
13090
12464
11924
11202
10842
10333
9758
9262
9247
9022
8699
9937
10266
15196
14141
17682
21333
23735
22317
23253
23635
1
['s', 211, 's', 'w', 's', 'w', 195, 191, 215, 121, 37, 1, 161, 239, 43, 137, 63, 111, 'w', 91, 95, 87, 'w', 25, 'a', 's', 247, 's', 51, 'w', 265, 280, 6, 278, 8, 244, 10, 210, 12, 208, 46, 206, 48, 172, 50, 174, 84, 176, 118, 178, 152, 180, 186, 182, 220, 148, 254, 114, 288]
Game 4
10394
13477
9390
8855
7806
9717
7499
8064
7886
9971
10532
10355
10409
10691
11317
11141
11944
13122
10779
18370
11214
10392
10031
9142
8817
8749
7984
7810
7710
10454
30543
37811
31653
0
['s', 'w', 25, 161, 21, 157, 63, 267, 119, 'd', 's', 'd', 's', 'w', 's', 'w', 'a', 139, 'd', 111, 83, 95, 149, 85, 'w', 45, 215, 177, 205, 187, 1, 'a', 29, 182, 76, 148, 42, 114, 40, 116, 38, 150, 36, 152, 2, 118, 4, 84, 6, 50, 8, 16]
Game 5
10560
7754
8264
9717
9165
7468
10116
8662
9921
8407
8305
7990
7975
8032
7287
8476
6743
6993
6731
5838
5869
6883
5472
7550
8864
0
[127, 191, 89, 'd', 131, 23, 65, 'a', 123, 255, 119, 9, 61, 167, 'a', 19, 'a', 163, 195, 181, 'a', 259, 263, 269, 173, 282, 0, 284, 34, 250, 68, 248, 102, 246, 104, 244, 106, 242, 108, 240, 110, 206, 112, 172, 114, 138, 116, 140, 118, 142, 152, 144, 150, 146, 148, 150.0, 146, 152.0, 144, 118.0, 142, 84.0, 140, 82.0, 138, 80.0, 172, 78.0, 206, 76.0, 240, 42.0, 242, 40.0, 244, 38.0, 246, 36.0, 248, 34.0, 250, 0.0]
Game 6
11011
13741
13442
14300
14669
15161
15881
15722
18360
18024
16636
15374
15588
23165
14017
16227
14086
16169
12715
11923
11576
10864
10440
10218
10049
16652
30221
27485
24743
15342
13205
14773
21848
26101
26721
24076
24922
1
['s', 69, 's', 'w', 's', 'w', 's', 'w', 's', 263, 225, 211, 'd', 215, 'w', 147, 'a', 221, 27, 171, 23, 155, 'd', 165, 1, 39, 159, 'ds', 197, 'a', 31, 'd', 19, 'a', 109, 'w', 93, 146, 112.0, 114, 116.0, 80, 150.0, 78, 152.0, 76, 186.0, 74, 220.0, 108, 254.0, 142, 288.0]
Game 7
11278
13380
12263
12091
12741
13813
14250
14621
15899
16493
17934
18007
16644
15390
14614
14518
13056
12479
11868
14305
12292
19009
11181
15541
9273
8454
8205
13209
19434
19142
18935
20535
20097
21637
22042
0
['s', 161, 'a', 'a', 's', 'w', 's', 'w', 's', 'w', 's', 259, 199, 263, 125, 207, 157, 211, 'wa', 221, 'd', 195, 153, 149, 27, 77, 31, 129, 1, 's', 3, 's', 5, 'w', 7, 176, 180, 178, 182, 180, 148, 182, 146, 148, 144, 146, 142, 144, 140, 142, 106, 140, 72, 106, 74, 72, 76, 38, 42, 4]
Game 8
11486
13413
14343
14302
15006
13500
13365
13389
14105
14450
9731
13683
11703
11654
11977
12301
12320
11591
11143
12695
9935
10429
8427
12298
9458
12425
11465
10497
9045
19916
21315
23133
23570
1
['s', 113, 's', 'w', 59, 263, 's', 'w', 's', 259, 193, 161, 'a', 223, 's', 'a', 209, 141, 29, 143, 179, 73, 'w', 267, 165, 111, 99, 'd', 95, 's', 81, 'd', 181, 250, 108, 252, 74, 254, 40, 288, 38, 286, 72, 284, 106, 282, 140, 280, 174, 278, 208, 276, 206, 274, 204, 240, 238, 204, 272]
Game 9
11699
7784
7415
9230
10920
9549
9415
10846
7250
11151
10890
11295
10714
10455
9148
10260
7934
8387
7355
6849
8249
5974
7803
10039
10476
10789
0
[125, 265, 95, 'w', 's', 'd', 231, 'd', 235, 155, 213, 143, 5, 57, 53, 43, 'w', 193, 85, 113, 35, 11, 7, 47, 's', 165, 8, 252, 10, 286, 44, 284, 78, 282, 80, 280, 46, 246, 12, 212, 14, 210, 48, 208, 82, 174, 116, 176, 150, 142, 152, 140, 186, 106, 184, 108, 182, 110, 180, 112, 146, 180.0, 112, 182.0, 110, 184.0, 108, 186.0, 106, 152.0, 140, 118.0, 138, 84.0, 136, 50.0, 170, 16.0]
Game 10
11572
13414
12004
12688
12367
9888
10419
10879
9368
9075
8444
8961
10616
9807
8512
8265
7304
8374
8640
7287
7226
9053
10126
11198
11149
11903
12045
12570
12759
13460
13587
14283
14741
15336
15910
16655
16976
20340
21193
1
['s', 161, 'a', 'a', 259, 157, 241, 221, 95, 165, 17, 173, 99, 201, 23, 57, 'a', 53, 43, 197, 263, 133, 11, 'd', 'a', 'd', 'a', 'd', 's', 'w', 'd', 'a', 'd', 'a', 'd', 'w', 'd', 'w', 129, 180, 110, 182, 144, 184, 146, 186, 148, 152, 150, 148.0, 152, 146.0, 186, 144.0, 184, 110.0, 182, 76.0, 180, 74.0, 178, 72.0, 212, 70.0, 246, 68.0, 248, 34.0, 250, 36.0, 284]
Game 11
11217
13659
13801
14321
14882
15722
16300
16247
11168
13951
16362
16030
14807
16190
13357
13916
15253
12452
11910
19266
10957
12457
10227
11084
9231
8765
8763
12365
18983
30468
22499
25791
22664
26485
27175
0
['s', 105, 's', 'w', 's', 'w', 's', 261, 59, 'w', 's', 213, 'a', 209, 23, 'a', 157, 191, 'd', 145, 'w', 187, 87, 77, 35, 91, 3, 199, 5, 'ds', 13, 's', 15, 'w', 227, 144.0, 176, 178.0, 174, 176.0, 172, 174.0, 138, 172.0, 104, 138.0, 102, 104.0, 68, 102.0, 34, 68.0, 0, 34.0, 2, 0.0]
Game 12
10448
13675
13479
13506
14904
14765
5911
12256
6670
10955
8600
11508
11939
11468
11776
11927
12719
12035
12030
12993
12931
13040
11401
14875
11176
10523
10404
9763
9960
10315
7113
9223
9184
16528
16774
17908
18562
0
['s', 259, 's', 'w', 's', 263, 57, 267, 61, 255, 'd', 'w', 19, 'w', 'd', 'w', 's', 'w', 's', 'w', 's', 217, 'w', 149, 75, 131, 65, 163, 93, 159, 97, 107, 1, 'd', 5, 'd', 69, 82, 180, 84, 178, 118, 176, 116, 174, 114, 140, 112, 106, 146, 72, 144, 74, 142, 108, 74.0, 142, 72.0, 144, 106.0, 110, 140.0, 112, 138.0, 114, 136.0, 116, 102.0, 118, 68.0, 152, 34.0, 186, 0.0]
Game 13
11117
7959
8013
9817
8236
7707
10429
8650
10143
10059
9008
8567
8753
7986
6849
6411
6373
6272
6717
6468
6863
6962
7505
7486
7788
7858
8047
8195
8377
8469
0
[127, 157, 89, 'd', 131, 'd', 65, 75, 81, 153, 17, 161, 21, 25, 165, 201, 197, 29, 193, 225, 'd', 221, 'd', 'a', 'd', 'w', 'd', 'w', 's', 229, 48, 212, 46, 210, 44, 208, 42, 174, 40, 176, 74, 178, 72, 180, 70, 182, 104, 184, 138, 186, 140, 152, 142, 150, 144, 148, 146, 144.0, 148, 142.0, 150, 108.0, 152, 106.0, 186, 104.0, 184, 70.0, 182, 36.0, 180, 38.0, 178, 40.0, 176, 42.0, 174, 44.0, 208, 46.0, 210, 48.0, 212, 50.0, 214, 16.0]
Game 14
11393
7432
7278
9471
10938
9485
11145
9570
9790
11925
7310
10538
11464
11100
11911
13737
12095
12232
11701
10935
11665
9210
9623
9656
11159
8373
10046
8219
12212
19607
20585
20406
17703
18263
18329
19024
21515
22553
0
[125, 231, 27, 'w', 's', 'w', 's', 'd', 163, 'w', 149, 'a', 's', 'w', 'a', 73, 'd', 77, 129, 223, 143, 's', 195, 'd', 217, 'd', 211, 71, 65, 55, 'w', 41, 'w', 23, 'd', 235, 'd', 153, 48, 216, 14, 214, 12, 212, 10, 246, 8, 280, 6, 278, 4, 244, 38, 210, 36, 176, 70, 142, 104, 140, 138, 136.0, 140, 102.0, 174, 68.0, 208, 34.0, 210, 0.0]
Game 15
11065
13293
12937
11199
12374
11756
9969
11741
12309
11271
10918
10674
10921
10360
10268
9979
9334
8992
8108
11592
10172
11428
12071
14950
16175
16856
16182
16433
17568
18052
18855
19350
20638
21194
22562
23797
0
['s', 245, 229, 'd', 233, 225, 133, 'w', 97, 257, 215, 's', 35, 'd', 61, 57, 65, 221, 17, 39, 9, 269, 'a', 147, 'w', 77, 'a', 'w', 's', 'd', 's', 'd', 's', 'w', 'd', 125, 106, 186, 140, 152, 142, 150, 144, 148, 146, 114, 112, 146, 114, 144, 148, 142, 182, 140, 216, 106, 218, 72, 220, 38, 254, 4]
Game 16
10445
13921
10186
8992
7624
7068
6545
10910
10630
10432
8816
10423
10376
10263
10284
9739
9103
9035
8779
8663
12096
10051
9684
13883
18505
18315
21142
22144
23831
24362
25128
25882
29305
29978
34499
34949
0
['s', 'w', 23, 159, 27, 263, 87, 'd', 31, 'w', 39, 'w', 17, 257, 77, 163, 253, 'a', 141, 57, 69, 167, 'd', 61, 'd', 109, 'd', 225, 's', 's', 'a', 'a', 'a', 'a', 's', 129, 114, 174, 116, 140, 150, 138, 148, 136, 146, 102, 144, 68, 110, 34, 76, 36, 74, 38, 108, 4]
Game 17
11447
14351
13640
14756
14725
14599
15428
16088
13022
11114
12183
9275
11186
10428
11321
10763
10241
12241
10093
11324
8310
7795
7377
6928
6802
9593
18883
22234
22403
0
['s', 109, 's', 'w', 's', 'w', 93, 161, 's', 147, 157, 267, 213, 'w', 'w', 231, 173, 235, 97, 197, 17, 121, 29, 9, 55, 127, 193, 'a', 225, 174, 112, 208, 114, 210, 116, 212, 118, 246, 84, 244, 82, 242, 80, 240, 78, 206, 76, 172, 74, 138, 108, 136, 142, 102, 140, 68, 138, 34, 172, 36, 206, 38, 240, 4]
Game 18
11441
7605
7499
9337
8484
7528
9964
8415
9533
8335
10313
8717
10376
7466
10378
10578
11057
9735
9697
8920
8487
8236
8802
9284
12687
13318
13966
14242
14845
15661
17367
18329
19796
19987
21188
21466
23601
24114
27246
28051
31582
32486
35800
37372
41011
42685
46567
49467
63072
67932
0
[127, 225, 55, 'd', 131, 25, 99, 'w', 'a', 'w', 's', 'a', 'a', 3, 73, 'w', 143, 41, 193, 163, 151, 'd', 51, 235, 181, 29, 'd', 43, 'w', 105, 'd', 's', 'd', 's', 'd', 'd', 'd', 'w', 'd', 'd', 's', 'd', 'a', 'w', 'a', 'w', 's', 'w', 's', 201, 112, 116, 110, 114, 108, 80, 142, 46, 176, 48, 174, 50, 208, 16]
Game 19
10634
13606
13766
14767
15435
15400
16426
16451
10243
15335
10147
14075
12372
12953
12318
13434
11102
10427
9902
9370
9065
8389
8059
11717
17755
14312
15100
14927
15619
16542
16467
1
['s', 113, 's', 'w', 's', 'w', 's', 229, 127, 225, 123, 161, 'a', 221, 's', 177, 199, 189, 31, 1, 131, 155, 27, 5, 217, 'd', 195, 'd', 265, 's', 261, 248, 142, 246, 140, 244, 138, 242, 104, 276, 70, 278, 72, 280, 74, 282, 76, 284, 78, 286, 80, 252, 114, 218, 116, 220, 118, 186, 152, 118.0, 186, 84.0, 220, 50.0, 254, 48.0, 288]
Game 20
11723
13542
13260
14461
15497
15086
16273
16500
10810
13338
13195
13540
11212
11840
12038
11613
12721
13334
10681
13819
10298
11109
10354
12250
8423
12818
23121
15194
19897
23419
25465
30182
28059
1
['s', 117, 's', 'w', 's', 'w', 's', 229, 195, 143, 57, 145, 'w', 261, 'a', 'a', 's', 225, 19, 221, 27, 233, 23, 185, 157, 241, 31, 'd', 173, 'd', 129, 'd', 39, 182, 108, 148, 74, 150, 76, 116, 78, 114, 80, 112, 82, 110, 84, 108, 118, 106, 152, 72, 186, 38, 220, 36, 254, 34, 288]
