Game 1
11068
13345
13881
14824
15386
15037
16144
16220
19236
18409
17278
16574
14542
14133
13070
14028
12801
11686
11625
7048
10879
10334
9826
9528
8795
13488
21899
11425
14904
17533
18880
20082
20342
1
['s', 249, 's', 'w', 's', 'w', 's', 'w', 's', 263, 23, 211, 161, 181, 'wa', 225, 'a', 221, 19, 109, 9, 257, 35, 123, 27, 183, 85, 'a', 141, 's', 77, 'a', 153, 140.0, 138, 136.0, 104, 102.0, 106, 104.0, 72, 106.0, 74, 72.0, 76, 74.0, 110, 76.0, 144, 110.0, 146, 144.0, 148, 146.0, 182, 112.0, 216, 78.0, 250, 44.0, 284]
Game 2
10418
13912
9574
8319
8071
6888
8123
9082
9927
8124
9120
9320
10458
7784
8290
8462
6948
7213
7667
6452
5776
5556
8543
9241
1
['s', 'w', 23, 159, 61, 163, 53, 57, 31, 167, 17, 5, 3, 'a', 155, 221, 'd', 259, 225, 263, 211, 9, 121, 35, 46, 242, 48, 240, 82, 274, 116, 276, 150, 278, 148, 280, 146, 282, 144, 284, 142, 250, 140, 216, 138, 182, 136, 180, 170, 178, 172, 176, 174, 172.0, 176, 170.0, 178, 136.0, 212, 102.0, 246, 104.0, 248, 70.0, 250, 72.0, 284]
Game 3
10459
8483
7589
7426
10980
6992
9481
10247
9352
9916
8952
9379
9064
9402
8474
7977
8409
7615
7396
7242
6866
8300
10408
14002
15898
1
[125, 231, 263, 'a', 'a', 121, 259, 'a', 241, 255, 251, 235, 's', 129, 'd', 227, 85, 187, 253, 57, 133, 39, 89, 43, 45, 278, 8, 280, 10, 282, 44, 284, 78, 250, 112, 248, 110, 246, 108, 244, 106, 242, 104, 208, 102, 174, 136, 140, 170, 138, 172, 136, 174, 102, 208, 104, 242, 106, 244, 108, 246, 110, 248, 112, 250, 78, 284]
Game 4
11175
13471
13918
11416
11062
12427
12264
12669
12080
13403
13571
13981
11630
12144
12340
11805
10632
16821
11329
10612
10306
9244
10016
8864
7066
6657
6689
9531
6220
8190
14040
14738
14943
0
['s', 69, 23, 159, 's', 'w', 's', 'w', 'd', 'd', 95, 163, 's', 'w', 'd', 115, 'a', 109, 133, 41, 175, 193, 197, 27, 139, 1, 59, 'a', 217, 63, 245, 'd', 55, 182, 112, 184, 110, 218, 76, 252, 78, 286, 80, 284, 82, 250, 84, 216, 50, 214, 16, 212, 14, 210, 12, 244, 10, 242, 8, 208, 6, 174, 4, 140, 38, 106, 36, 72, 70, 36, 104, 2]
Game 5
10995
13282
11956
9460
10955
11350
10211
10770
12508
9869
10494
12506
11156
10584
11664
8840
10668
8298
8307
8345
10229
7331
7497
6989
6492
6384
9809
13817
14477
14621
0
['s', 123, 229, 93, 's', 'w', 215, 'a', 'd', 45, 'a', 41, 225, 205, 241, 'd', 263, 'a', 233, 155, 167, 's', 163, 55, 113, 255, 43, 269, 'w', 159, 8, 280, 6, 282, 40, 284, 38, 250, 36, 252, 70, 254, 104, 220, 138, 186, 136, 184, 170, 182, 172, 180, 174, 178, 176, 174.0, 178, 172.0, 180, 170.0, 182, 136.0, 216, 102.0, 218, 68.0, 220, 34.0, 254, 0.0]
Game 6
11343
13584
12063
12400
13794
13001
14229
14768
15726
15690
17683
17963
16604
15535
15190
14380
13135
12630
11813
11651
11725
14802
12065
12412
9785
15591
7218
10511
6487
181429
305990
19703
19998
24106
24315
0
['s', 161, 'a', 'w', 's', 'w', 's', 'a', 's', 'w', 's', 261, 77, 209, 157, 211, 85, 223, 199, 195, 'wa', 173, 165, 269, 31, 217, 57, 'as', 61, 3, 'd', 'w', 21, 'd', 65, 180, 178, 182, 180, 184, 182, 186, 184, 152, 186, 150, 152, 148, 150, 146, 148, 144, 146, 110, 144, 76, 142, 74, 140, 72, 138, 70, 172, 36, 206, 2]
Game 7
10654
13766
8877
8650
7685
8297
7159
8188
7252
9847
10583
10302
13972
10296
8549
10247
9860
9858
9455
9071
8647
8510
13046
21294
19139
25313
20927
28275
23989
25606
1
['s', 'w', 25, 161, 55, 157, 29, 233, 51, 'd', 's', 'w', 181, 221, 249, 'w', 7, 1, 85, 37, 11, 269, 239, 119, 's', 'a', 'a', 123, 'd', 225, 144, 176, 142, 174, 140, 172, 138, 140, 172, 142, 206, 144, 208, 110, 210, 76, 212, 78, 246, 80, 280]
Game 8
10982
13708
13507
14125
14269
13353
11051
10500
10862
8624
10769
10120
9985
9999
9538
8933
8924
8498
8088
7799
7613
10601
28369
30258
30708
30120
34314
1
['s', 77, 's', 'w', 57, 91, 25, 87, 129, 35, 133, 119, 'a', 177, 267, 5, 183, 257, 175, 263, 179, 187, 245, 'w', 'a', 'w', 161, 212, 38, 246, 4, 248, 2, 214, 0, 180, 34, 182, 68, 148, 102, 146, 104, 144, 106, 110, 140, 108, 174, 106, 208, 104, 242, 102, 244, 68, 278]
Game 9
10466
13313
13383
14698
14535
14931
16310
16204
18300
18188
16661
15844
14799
14385
13710
13737
14394
15741
16914
14728
12902
9408
11940
7682
7372
13145
29681
51191
85830
1
['s', 3, 's', 'w', 's', 'w', 's', 'w', 's', 227, 23, 213, 161, 223, 251, 195, 157, 175, 165, 199, 99, 269, 115, 1, 77, 5, 15, 'a', 129, 178, 210, 180, 176, 182, 178, 184, 180, 186, 182, 220, 184, 218, 186, 216, 220, 250, 218, 284, 216, 282, 250, 280, 284]
Game 10
10784
8240
6831
9475
10901
9008
11309
9804
11737
10387
12421
9913
12621
12471
12769
12201
11378
10850
15514
8967
10398
8978
9844
8761
8114
8456
8120
7840
7391
7260
20032
23512
26754
1
[125, 163, 61, 'w', 's', 'w', 's', 'w', 's', 'w', 'a', 73, 'd', 77, 47, 21, 141, 191, 65, 's', 207, 's', 17, 251, 'w', 11, 265, 3, 97, 7, 'a', 9, 139, 246, 40, 280, 38, 278, 72, 276, 106, 274, 104, 240, 138, 206, 172, 138.0, 206, 104.0, 240, 70.0, 274]
Game 11
10718
14041
9170
8682
7117
9135
7814
7749
7051
10063
10458
10194
10526
11024
10766
11332
11824
12483
10771
16493
10986
10105
13214
9161
8652
8579
9209
9352
16737
17870
18674
1
['s', 'w', 25, 161, 21, 157, 97, 265, 119, 'd', 's', 'd', 's', 'w', 's', 'w', 'a', 107, 'd', 111, 165, 207, 183, 221, 197, 269, 17, 39, 193, 261, 65, 180, 110, 178, 76, 176, 78, 174, 112, 208, 146, 242, 148, 244, 150, 246, 152, 248, 186, 250, 220, 252, 254, 218, 252, 184, 250, 186, 248, 152, 246, 118, 244, 84, 242, 82, 276]
Game 12
10816
13481
13206
14572
14655
14617
15797
15695
18305
17914
16426
15336
15861
14011
15051
13012
12524
9623
9313
8441
8433
7211
7243
6489
6937
9690
12152
12914
12885
1
['s', 189, 's', 'w', 's', 'w', 's', 'w', 's', 229, 87, 177, 161, 233, 165, 269, 151, 251, 65, 175, 61, 225, 57, 243, 73, 137, 17, 'd', 21, 214, 216.0, 218.0, 220.0, 186.0, 152.0, 118.0, 84.0, 116.0, 118.0, 150.0, 116.0, 148.0, 150.0, 146.0, 148.0, 144.0, 146.0, 142.0, 144.0, 140.0, 142.0, 106.0, 140.0, 104.0, 106.0, 102.0, 104.0, 68.0, 102.0, 34.0, 136.0, 36.0, 170.0, 38.0, 204.0, 40.0, 238.0, 42.0, 272.0]
Game 13
10772
13494
13349
14452
15171
14881
16019
16449
18000
17977
17632
17193
15537
15421
15237
13637
12138
11720
10860
10377
13553
8786
8434
8304
7962
7706
7501
30640
36934
1
['s', 105, 's', 'w', 's', 'w', 's', 'w', 's', 'w', 239, 229, 127, 177, 123, 181, 145, 225, 153, 267, 113, 1, 263, 3, 27, 5, 53, 7, 191, 142, 178, 176, 144, 174, 142, 172, 176, 206, 174, 240, 172, 242, 206, 244, 240, 246, 274]
Game 14
11038
13416
13318
11903
11218
11480
8835
10641
10981
11314
11429
10646
11140
10244
9648
9228
17803
9156
8570
8592
11686
27632
42998
1
['s', 179, 23, 159, 247, 197, 53, 189, 's', 'a', 193, 233, 119, 107, 93, 39, 1, 45, 43, 75, 225, 269, 241, 244, 42, 246, 40, 212, 74, 210, 108, 208, 142, 206, 144, 204, 146, 170, 180, 136, 182, 138, 184, 140, 218, 106, 216, 72, 214, 70, 248, 68, 282]
Game 15
10743
13745
9205
8187
7322
9165
7868
8459
7927
9143
9232
9478
8482
8386
9032
8498
8329
7555
7340
7113
7062
13602
16372
0
['s', 'w', 25, 161, 55, 157, 29, 165, 85, 59, 65, 45, 'a', 5, 17, 51, 151, 83, 201, 3, 129, 259, 75, 212, 6, 178, 8, 176, 10, 174, 12, 172, 14, 138, 16, 140, 50, 142, 48, 144, 46, 110, 80, 112, 114, 116.0, 112, 82.0, 110, 80.0, 144, 46.0, 142, 48.0, 140, 50.0, 138, 16.0]
Game 16
11109
13614
13558
14181
14193
15196
16288
15999
17917
17935
16564
15624
14590
14257
13395
14517
12954
12821
15655
12459
17008
10496
9764
10525
12752
9097
12272
7838
7693
36385
42010
69776
1
['s', 81, 's', 'w', 's', 'w', 's', 'w', 's', 263, 41, 211, 159, 215, 'wa', 191, 163, 'a', 155, 187, 173, 267, 149, 219, 131, 'd', 31, 95, 239, 'd', 27, 179, 178, 182, 212, 216, 246, 218, 248, 184, 214, 150, 180, 152, 182, 118, 216, 84, 218, 50, 184, 48, 186, 46, 220, 44, 254, 42, 288]
Game 17
10595
13436
14030
14388
15018
14798
15790
16243
18524
18069
17129
17765
16635
14172
13428
13934
13579
10663
11315
9608
9522
8410
8563
7464
7001
10467
16128
17412
17861
18058
20223
21196
22270
1
['s', 209, 's', 'w', 's', 'w', 's', 'w', 's', 227, 'd', 231, 125, 235, 'w', 141, 145, 77, 195, 155, 199, 3, 167, 129, 1, 97, 45, 'a', 25, 's', 117, 'd', 21, 214, 146, 216, 148, 218, 150, 220, 116, 186, 114, 184, 112, 182, 78, 148, 44, 150, 42, 116, 76, 114, 110, 112, 108, 78, 106, 44, 140, 42, 138, 76, 136, 74, 170, 72, 204, 70, 238, 36, 272]
Game 18
10864
13210
11098
13131
12723
13565
13980
10045
12627
9089
12065
9615
11609
10268
12007
11241
10580
10153
9620
8724
8373
8070
7912
11630
20810
21921
22259
25359
24607
24775
23679
23744
24625
25542
26997
24802
26856
27349
28480
30452
31706
29420
29413
33705
37813
0
['s', 159, 's', 'w', 'd', 'w', 27, 95, 'd', 81, 'a', 43, 'd', 65, 19, 123, 37, 91, 5, 183, 105, 243, 117, 177, 253, 's', 141, 's', 'w', 'd', 'd', 'a', 'w', 'w', 's', 'w', 'd', 'w', 'w', 'd', 'a', 'd', 113, 'a', 1, 146, 12, 112, 10, 110, 8, 108, 42, 106, 76, 72, 74, 76.0, 72, 42.0, 106, 8.0]
Game 19
10614
13425
9231
8941
7102
9135
7772
7313
8112
9518
9774
9558
9726
10457
10044
10093
8272
10663
10447
11057
10241
11610
9249
8392
7315
6988
14949
19213
21824
23122
0
['s', 'w', 25, 161, 21, 157, 29, 165, 119, 255, 's', 'w', 's', 'w', 's', 'd', 133, 'a', 17, 107, 223, 113, 185, 97, 45, 87, 65, 91, 'd', 127, 144, 212, 142, 246, 108, 248, 110, 250, 112, 252, 78, 254, 76, 220, 74, 186, 72, 152, 70, 150, 68, 148, 102, 114, 104, 116, 106, 118, 140, 84, 138, 82, 172, 80, 206, 46, 208, 48, 210, 50, 244, 16]
Game 20
11121
13923
13975
14726
14938
14878
15675
13103
13380
13146
12059
11223
11349
13420
9188
8865
8198
11261
7919
7541
7180
6909
6844
9582
9431
20556
20995
24614
25162
0
['s', 177, 's', 'w', 's', 'w', 195, 109, 61, 199, 229, 41, 219, 269, 'w', 25, 'w', 43, 263, 117, 1, 255, 3, 167, 5, 'd', 15, 'd', 47, 250, 76, 248, 110, 246, 112, 244, 114, 210, 116, 176, 82, 142, 48, 108, 14, 74, 12, 40, 10, 6]
