Game 1
11309
13370
13699
14265
14766
14741
16390
16373
18285
17978
16446
15672
14835
14133
13698
12537
12755
12292
12105
11674
11222
10608
11311
10160
11786
9453
9487
9590
48811
52527
84785
98608
1
['s', 53, 's', 'w', 's', 'w', 's', 'w', 's', 227, 233, 213, 161, 259, 57, 'd', 147, 241, 11, 175, 157, 265, 153, 251, 199, 's', 165, 'd', 31, 143, 'w', 151, 180, 218, 214, 220, 216, 186, 218, 152, 220, 118, 254, 84, 288]
Game 2
11043
13521
13705
14617
14988
14974
16100
16267
18527
18428
17267
16318
15484
14139
14560
14022
13024
12618
11162
10166
9501
9581
10971
8796
7602
6759
6490
13401
14172
0
['s', 249, 's', 'w', 's', 'w', 's', 'w', 's', 263, 47, 211, 161, 'a', 157, 179, 51, 193, 173, 267, 71, 217, 223, 235, 89, 113, 205, 97, 1, 174, 246, 208, 248, 210, 214, 244, 180, 278, 182, 276, 148, 274, 114, 272, 116, 238, 118, 204, 84, 170, 50, 136, 16, 138, 14, 140, 12, 106, 46, 108, 80, 110, 78, 76, 112, 42, 146, 8]
Game 3
10257
13483
13594
14401
14581
14920
16150
16416
18526
17996
16732
16011
14696
14415
11915
12797
11542
12051
9563
9738
9248
8934
8566
8097
7823
18097
29117
38875
40202
1
['s', 147, 's', 'w', 's', 'w', 's', 'w', 's', 261, 127, 213, 123, 211, 119, 231, 31, 257, 145, 1, 21, 3, 201, 7, 173, 9, 57, 'w', 13, 178, 144.0, 176, 178.0, 210, 176.0, 244, 210.0, 242, 244.0, 240, 242.0, 238, 240.0, 272, 238.0, 274, 272.0]
Game 4
11079
12981
9157
8667
8504
7469
8056
10240
10983
10970
10880
6442
10783
10774
11202
11061
10615
10007
9453
8854
8403
7983
7744
11176
30297
29154
31035
33444
31704
0
['s', 'w', 23, 159, 129, 111, 53, 'w', 'a', 57, 'a', 1, 'd', 43, 3, 205, 197, 11, 97, 173, 71, 269, 151, 245, 'a', 'd', 31, 's', 215, 214, 4, 212, 6, 178, 8, 176, 10, 174, 44, 140, 78, 138, 112, 104, 114, 70, 116, 68, 150, 34, 184, 0]
Game 5
10786
12968
13553
14583
15055
12802
12956
11575
11193
11573
11739
11440
10873
10931
11080
11001
10616
10770
9485
9067
8360
8398
6314
5902
5761
16216
18926
0
['s', 179, 's', 'w', 59, 261, 227, 'd', 63, 265, 197, 257, 's', 269, 's', 'a', 209, 141, 99, 73, 165, 55, 161, 69, 1, 41, 19, 248, 110, 214, 76, 216, 78, 218, 80, 184, 82, 186, 84, 152, 50, 118, 16, 116, 14, 114, 12, 80, 10, 82, 8, 84, 6, 50, 40, 16]
Game 6
10520
13570
11589
12690
13523
13339
14343
14752
15388
15683
18133
17970
16697
15701
14691
14419
13622
13275
12702
12152
12248
11583
11281
11489
11820
12701
12862
8566
8251
15703
40702
51959
53444
1
['s', 159, 'd', 'w', 's', 'w', 's', 'd', 's', 'w', 's', 265, 207, 229, 163, 75, 245, 17, 73, 'd', 29, 225, 'd', 233, 167, 183, 155, 49, 247, 11, 87, 'sa', 171, 180, 182, 178, 180, 176, 178, 174, 176, 172, 174, 206, 172, 240, 206, 238, 240, 204, 274]
Game 7
11643
13471
13362
13888
14054
15405
5946
11480
6721
11691
6863
11070
9052
9602
9309
9860
9689
8483
7634
6444
6145
8589
8922
8775
8970
9955
9913
13159
13198
14075
13985
15255
15147
16789
19527
23185
25761
1
['s', 259, 's', 'w', 's', 263, 195, 233, 211, 255, 229, 269, 201, 181, 129, 165, 133, 125, 'a', 73, 21, 1, 'w', 'd', 'w', 'd', 47, 'd', 'a', 'd', 's', 'w', 's', 'a', 87, 'a', 51, 182, 140, 184, 142, 186, 144, 152, 146, 150, 148, 146.0, 150, 144.0, 152, 142.0, 186, 140.0, 184, 106.0, 182, 104.0, 216, 102.0, 218, 68.0, 220, 70.0, 254, 72.0, 252, 38.0, 250, 36.0, 284]
Game 8
11227
13641
13684
14683
14426
15136
16271
16246
18643
18191
16552
15707
14747
19974
11108
13360
17226
14506
11609
11545
10186
9953
7729
7484
6774
10249
21775
25959
25977
0
['s', 269, 's', 'w', 's', 'w', 's', 'w', 's', 227, 23, 213, 127, 177, 77, 263, 161, 231, 131, 251, 149, 109, 1, 99, 3, 257, 147, 'd', 199, 214, 178, 216, 180, 218, 214, 220, 216, 186, 218, 152, 220, 118, 186, 116, 152, 114, 118, 80, 116, 46, 114, 12]
Game 9
10672
13156
11928
13694
13807
13159
13357
14409
15903
16103
9513
14091
15961
15792
14490
14331
13214
12706
12118
11877
11290
10264
9824
9378
8924
8692
8391
15924
41284
58233
57656
1
['s', 161, 's', 'w', 'a', 'a', 's', 'w', 's', 227, 89, 'w', 's', 209, 157, 179, 153, 1, 269, 3, 223, 5, 129, 7, 99, 9, 139, 11, 55, 'a', 107, 208, 176, 206, 174, 204, 208, 238, 206, 272, 204, 274, 238, 276, 272]
Game 10
10702
13066
11854
12674
13948
13833
14504
14753
15998
11031
11621
12125
12145
11808
11225
10955
9892
8018
7334
6939
7339
6755
6472
8976
5165
9886
11081
0
['s', 159, 'd', 'w', 's', 'w', 's', 'd', 197, 163, 215, 113, 213, 257, 167, 111, 261, 43, 243, 61, 177, 81, 155, 187, 17, 91, 233, 248, 78, 282, 80, 284, 114, 250, 148, 252, 150, 254, 116, 220, 82, 186, 48, 184, 14, 182, 12, 180, 10, 178, 8, 212, 42, 246, 76, 244, 74, 210, 72, 176, 106, 174, 140, 172, 138, 170, 136, 102.0, 170, 68.0, 172, 34.0, 174, 36.0, 208, 38.0, 242, 4.0]
