Game 1
5329
6923
7610
8536
10109
8731
10624
9885
13691
15735
14980
11537
12591
10118
6956
7911
8214
6972
6610
6318
6800
5943
5704
3038
6152
5642
5413
8531
10183
11101
10575
0
['s', 7, 's', 'w', 's', 'w', 's', 'w', 's', 261, 197, 213, 159, 257, 61, 'd', 163, 205, 65, 193, 155, 187, 'a', 141, 93, 83, 1, 111, 3, 'a', 5, 180, 208, 182, 174, 184, 172, 150, 170, 116, 136, 82, 102, 80, 68, 78, 70, 76, 72, 42, 74, 8]
Game 2
5108
7284
7166
4820
7579
7112
8239
6402
7946
6651
7887
5688
6829
3984
3961
4104
4310
4084
4676
4605
4951
4540
5018
4812
3882
4666
5863
4679
4449
4549
4190
4523
5147
6651
8500
8622
9168
9482
10033
10217
11246
11359
12720
13344
14591
15580
17717
18345
25187
26160
0
['s', 247, 227, 'w', 209, 127, 53, 'a', 23, 233, 41, 59, 259, 11, 17, 'd', 'd', 's', 'w', 'a', 'a', 'a', 223, 'a', 153, 265, 9, 'w', 'a', 255, 'a', 39, 's', 13, 'a', 'a', 'a', 'w', 's', 'd', 'd', 'd', 's', 'w', 'd', 'd', 'd', 'd', 's', 251, 176, 144, 210, 146, 212, 148, 214, 114, 216, 80, 218, 46, 220, 12]
Game 3
5415
7633
8197
8761
9114
6291
7341
5527
8320
4943
6599
5305
6410
3621
5043
5381
6111
3851
5484
5250
5775
6248
5676
7057
7884
5893
5377
5260
5920
6463
6473
1
['s', 185, 's', 'w', 25, 261, 227, 127, 'd', 79, 155, 'd', 'w', 11, 63, 123, 31, 221, 17, 21, 's', 41, 'a', 71, 231, 'a', 235, 'a', 209, 'd', 181, 248, 110, 282, 108, 280, 74, 278, 40, 276, 38, 242, 36, 208, 70, 174, 104, 176, 138, 142, 136, 144, 170, 146, 204, 148, 206, 114, 208, 80, 242, 82, 276]
Game 4
5220
7245
7962
6038
6182
3524
5422
5829
5436
6819
8179
6626
6514
6212
7727
6185
3408
6086
6077
6615
7210
6077
5451
5065
3955
5315
5567
6088
6544
6822
7309
7297
8535
8534
9336
9185
0
['s', 133, 23, 159, 61, 231, 's', 'a', 19, 'a', 'd', 129, 'a', 'w', 29, 'a', 85, 'd', 155, 111, 1, 255, 89, 259, 9, 263, 205, 267, 's', 'w', 'a', 'w', 'a', 'a', 'a', 119, 106, 170, 140, 136, 138, 140.0, 136, 106.0, 170, 108.0, 172, 110.0, 206, 76.0, 240, 74.0, 242, 72.0, 244, 70.0, 246, 68.0, 248, 34.0, 250, 0.0]
Game 5
5651
7391
8113
8613
8811
10222
11081
10882
13908
15597
14985
11111
13412
10797
11183
9055
10723
3973
8977
9900
9542
9208
8481
7694
5481
4584
6088
5972
5837
2785
6370
7198
8046
0
['s', 205, 's', 'w', 's', 'w', 's', 'w', 's', 261, 235, 'w', 59, 265, 23, 257, 'd', 217, 'a', 137, 19, 143, 27, 31, 75, 211, 1, 165, 5, 'w', 13, 'w', 37, 78, 178, 80, 144, 46, 110, 44, 76, 42, 78, 40, 80, 74, 46, 108, 44, 106, 42, 104, 40, 70, 74, 68, 108, 34, 106, 0]
Game 6
5585
7320
8229
8442
9246
8578
11121
6506
7632
3769
8317
5793
7177
3603
5032
3516
6515
6348
6496
5548
6661
4617
5649
5216
5202
5291
5228
5526
5519
5586
5352
5724
6242
6910
7166
7360
7498
1
['s', 11, 's', 'w', 's', 'w', 91, 159, 61, 111, 's', 141, 'w', 121, 179, 69, 'a', 39, 'a', 51, 227, 19, 223, 189, 25, 'a', 'w', 'a', 209, 'a', 65, 'a', 231, 's', 'w', 'd', 257, 238, 36, 272, 34, 274, 0, 276, 2, 278, 4, 244, 6, 246, 40, 248, 74, 250, 76, 252, 78, 218, 112, 184, 146, 150, 180, 116, 214, 82, 216, 80, 218, 78, 252, 76, 286]
Game 7
5134
3518
3514
3503
3810
5241
3118
4406
3670
4931
5783
4909
4847
2731
3601
3904
4228
3020
4025
4467
3726
3756
4527
5079
5521
0
[125, 197, 263, 257, 245, 'd', 201, 'd', 267, 225, 1, 221, 'd', 129, 'a', 23, 'a', 5, 19, 59, 193, 27, 65, 99, 51, 286, 8, 288, 10, 254, 12, 220, 14, 218, 48, 216, 46, 214, 80, 212, 114, 210, 112, 208, 110, 174, 108, 140, 106, 72.0, 140, 74.0, 174, 40.0, 208, 42.0, 210, 44.0, 212, 46.0, 246, 48.0, 248, 14.0]
Game 8
5127
7219
6847
4791
6625
3626
4099
4362
5181
5851
5303
5548
5758
6693
6157
6836
6187
6528
6403
7417
6939
4720
7901
5675
9436
8734
11072
5961
12422
5412
15405
9960
15641
16043
16051
0
['s', 61, 125, 57, 'a', 5, 89, 47, 'd', 269, 'w', 265, 'd', 29, 121, 213, 37, 7, 221, 195, 103, 'w', 75, 'w', 139, 'a', 'a', 'a', 'd', 'a', 'd', 'a', 147, 'd', 85, 208, 14, 174, 16, 140, 50, 142, 84, 144, 118, 146, 116, 112, 114, 116.0, 112, 82.0, 146, 48.0, 180, 50.0, 178, 16.0]
Game 9
5117
3875
4000
4171
5475
4243
3796
3340
2957
4267
5824
4510
6021
4018
5535
6483
5883
6151
5696
6119
5739
5466
5650
5141
8360
10633
9542
10173
0
[127, 191, 55, 'w', 's', 'd', 131, 'd', 65, 59, 27, 5, 'd', 45, 85, 207, 179, 15, 'a', 235, 143, 187, 167, 251, 161, 'a', 'w', 199, 10, 214, 12, 180, 14, 182, 48, 148, 46, 150, 80, 152, 114, 118, 116, 84, 118, 82, 152, 80, 150, 46, 148, 48, 182, 14]
Game 10
5365
7384
6668
4062
5536
6267
5404
6717
7996
5967
7602
5333
5091
5232
5756
5390
4864
4566
4767
4323
4401
3784
4221
4722
5453
5399
1
['s', 163, 261, 159, 's', 'a', 243, 155, 21, 'd', 167, 187, 17, 117, 59, 191, 7, 75, 249, 93, 107, 'd', 99, 233, 'd', 127, 80, 248, 114, 214, 148, 180, 146, 178, 144, 176, 142, 174, 108, 172, 74, 170, 72, 136, 106, 102, 140, 68, 138, 70, 136, 72, 170, 74, 172, 108, 174, 142, 176, 144, 178, 146, 212, 148, 246, 114, 248, 80, 282]
Game 11
5478
7302
7621
8431
8977
8695
10476
9501
13825
15494
14622
5629
4999
7290
9987
5565
7533
6331
7821
6895
7189
7424
8711
8080
8094
9538
8725
6292
6326
5763
5314
8447
8906
9619
10351
12592
12840
1
['s', 233, 's', 'w', 's', 'w', 's', 'w', 's', 229, 59, 211, 159, 195, 'd', 185, 'd', 259, 'w', 149, 'a', 255, 155, 1, 145, 269, 175, 'a', 85, 'd', 89, 'a', 3, 's', 187, 's', 23, 242, 146, 208, 112, 174, 114, 172, 116, 170, 150, 136, 152, 102, 186, 104, 220, 106, 254, 108, 252, 110, 250, 76, 284]
Game 12
5220
7293
7966
5714
5639
5107
7968
3870
5828
5337
3960
3503
3722
5140
3162
5429
6244
6805
7712
6226
3879
6038
6523
4648
3735
4533
5239
6550
7625
7792
0
['s', 209, 23, 159, 'd', 'w', 27, 163, 193, 'd', 133, 269, 197, 'w', 167, 'd', 179, 's', 187, 155, 85, 43, 5, 95, 'd', 109, 's', 255, 'd', 233, 116, 284, 114, 282, 112, 280, 110, 278, 76, 276, 74, 242, 108, 208, 142, 174, 140, 172, 138, 170, 136, 102.0, 170, 104.0, 172, 106.0, 174, 72.0, 208, 38.0, 242, 4.0]
Game 13
5574
7337
6608
3965
5967
5492
5432
6687
7762
6078
7362
6832
8323
7226
8013
6945
7750
6802
7690
7488
7055
7401
11523
10656
7661
8024
7473
7622
8329
7695
6611
7829
9769
12249
16095
16625
20624
21231
0
['s', 163, 227, 159, 's', 'a', 243, 223, 41, 'w', 213, 's', 145, 'd', 31, 'd', 97, 'w', 27, 93, 113, 'w', 205, 235, 'w', 'd', 'w', 255, 's', 267, 'd', 263, 'd', 83, 'd', 'd', 'd', 151, 84, 220, 118, 186, 152, 118.0, 186, 84.0, 220, 50.0, 218, 48.0, 216, 46.0, 250, 44.0, 252, 42.0, 254, 8.0]
Game 14
4871
6915
5845
3536
5846
4292
4459
4565
3945
5051
6573
5591
5846
4897
5004
3739
3663
4135
4273
4363
4819
4987
4472
3947
4130
4198
4285
4522
4796
4855
4960
5084
5434
5579
5575
5797
0
['s', 159, 25, 197, 'a', 155, 263, 'd', 201, 'a', 245, 255, 121, 259, 267, 163, 183, 'd', 51, 115, 47, 55, 3, 41, 'w', 'd', 'd', 'd', 'd', 'd', 'd', 'w', 's', 'a', 'a', 93, 78, 250, 80, 216, 114, 214, 148, 212, 146, 178, 144, 176, 142, 174, 140, 172, 138, 170, 136, 102.0, 170, 104.0, 204, 106.0, 206, 108.0, 208, 110.0, 210, 112.0, 212, 114.0, 246, 80.0, 248, 46.0, 250, 12.0]
Game 15
5729
7319
7815
8072
8203
4998
6942
7278
8854
7112
7286
7848
8494
7542
7959
7884
8137
7724
7495
7199
6555
6530
9959
12712
9683
9360
8562
8463
0
['s', 211, 's', 'w', 195, 259, 215, 's', 199, 'a', 241, 223, 219, 'd', 251, 29, 173, 213, 35, 145, 147, 263, 57, 77, 'a', 187, 's', 53, 106, 282, 104, 284, 102, 250, 68, 216, 34, 218, 0, 252, 2, 286, 36, 288, 38, 254, 40, 220, 42, 186, 44, 152, 78, 118, 112, 84, 114, 50, 148, 16]
Game 16
5402
7466
8492
8499
9304
5569
6338
6922
7409
7570
8587
8856
9563
9518
10832
8740
9215
8681
7374
6879
6152
4041
3833
5123
5692
5593
5198
6805
7792
9141
0
['s', 11, 's', 'w', 25, 161, 's', 'w', 's', 'a', 191, 'a', 207, 141, 269, 'd', 177, 113, 227, 73, 'w', 97, 259, 5, 31, 93, 123, 83, 87, 265, 108, 208, 74, 242, 76, 244, 78, 246, 80, 280, 46, 278, 48, 276, 50, 274, 84, 240, 118, 206, 152, 172, 186, 138, 220, 104, 254, 102, 252, 68, 250, 34, 248, 0]
Game 17
5179
7154
7532
8022
9139
9393
10757
10636
13824
15495
14691
11890
13051
12117
12753
3145
8561
2832
7791
10054
7148
7107
9367
8779
8066
11689
13153
6511
14273
9087
8936
7382
10182
12148
13203
15700
16231
1
['s', 233, 's', 'w', 's', 'w', 's', 'w', 's', 261, 241, 229, 'a', 225, 91, 221, 'd', 183, 'w', 73, 'd', 115, 17, 161, 141, 239, 123, 'd', 181, 'a', 109, 's', 211, 'w', 21, 'a', 25, 210, 112, 208, 78, 174, 80, 140, 82, 138, 116, 104, 150, 70, 184, 36, 218, 38, 220, 40, 254, 42, 288]
Game 18
5061
7617
8081
7945
8935
9136
10923
10562
13171
15711
14894
10156
12303
11616
10413
10399
8383
8727
8861
8524
7906
7377
7298
7205
7117
6764
6703
6586
14734
18794
18211
18190
22830
20110
26714
27930
1
['s', 31, 's', 'w', 's', 'w', 's', 'w', 's', 227, 239, 179, 159, 223, 155, 209, 137, 'a', 51, 151, 23, 'a', 191, 'a', 87, 's', 199, 'a', 55, 1, 'w', 3, 's', 5, 'w', 9, 176, 170, 174, 136, 172, 102, 206, 68, 204, 70, 238, 72, 272]
Game 19
5166
7643
7845
5572
6436
4638
5683
4652
4826
4780
5604
5659
4202
6285
7799
5711
6429
6056
6995
6247
6331
5630
5424
6252
6220
1
['s', 255, 25, 161, 21, 157, 29, 165, 's', 'w', 's', 'a', 17, 189, 15, 115, 133, 129, 3, 259, 45, 89, 205, 263, 35, 210, 144, 176, 142, 174, 140, 172, 138, 104.0, 172, 106.0, 174, 108.0, 176, 110.0, 210, 112.0, 244, 114.0, 246, 80.0, 248, 82.0, 250, 84.0, 284]
Game 20
5731
7332
7360
5404
5398
4960
6821
3593
5868
4634
5513
5937
7127
3926
5103
3460
3795
1746
3590
3509
3853
4107
4489
0
['s', 221, 23, 159, 's', 'w', 129, 93, 53, 225, 65, 163, 15, 167, 229, 41, 233, 45, 215, 269, 263, 241, 141, 244, 42, 278, 44, 280, 10, 282, 8, 284, 6, 250, 4, 252, 38, 254, 40, 220, 74, 186, 108, 184, 106, 182, 140, 180, 174, 214, 208, 212, 210, 208.0, 176, 174.0, 178, 140.0, 180, 106.0, 182, 72.0, 216, 70.0, 218, 68.0, 220, 34.0, 254, 0.0]
Game 21
5116
7588
7241
8342
8499
9464
10728
9398
14255
16155
15185
15185
12554
11484
12342
10386
11578
11444
11725
11096
10459
10257
8586
5016
6143
4052
5395
5007
5082
4808
7695
8082
9163
8933
0
['s', 251, 's', 'w', 's', 'w', 's', 'w', 's', 263, 'a', 225, 59, 'w', 55, 'd', 63, 'w', 31, 211, 77, 221, 81, 191, 145, 213, 151, 'd', 19, 95, 131, 37, 'a', 181, 206, 112, 172, 146, 138, 148, 104, 182, 70, 216, 36, 218, 34, 220, 0, 186, 2, 152, 4, 118, 6, 84, 40, 50, 42, 48, 44, 46, 48.0, 12]
Game 22
5499
7382
7940
8000
8670
9493
10795
9940
12759
15309
14843
10755
11638
8022
10568
2833
7951
8886
7927
9540
10028
9760
8974
8571
7989
12212
14036
6837
14347
5319
12139
9358
13393
15672
16092
0
['s', 71, 's', 'w', 's', 'w', 's', 'w', 's', 263, 225, 229, 25, 181, 'a', 221, 'w', 199, 'd', 113, 11, 217, 1, 55, 3, 75, 61, 'a', 7, 'd', 81, 'w', 85, 'd', 179, 112, 146, 78, 112, 80, 78, 114, 80, 148, 114, 150, 148, 116, 182, 82, 184, 48, 186, 14]
Game 23
5244
7605
8244
8414
8760
9611
11507
11369
14211
15682
14574
9121
11887
8980
10716
5030
7163
8841
8770
8405
7366
7715
6002
6384
6822
10450
11027
7270
8965
6454
8950
10679
11447
12860
13608
1
['s', 207, 's', 'w', 's', 'w', 's', 'w', 's', 227, 53, 231, 159, 175, 'd', 235, 'w', 189, 129, 75, 'w', 27, 59, 139, 21, 253, 31, 'd', 163, 'd', 149, 's', 45, 'd', 81, 184, 144, 150, 142, 116, 108, 82, 106, 48, 104, 46, 138, 80, 172, 114, 170, 112, 204, 110, 238, 144, 272]
Game 24
5182
7144
7599
8535
9298
9711
10934
10951
12708
15434
14947
10674
12306
9816
10974
8460
8141
3974
7314
6711
9211
7488
5886
7151
7694
7634
7290
6955
6611
6911
6552
12978
16808
16838
17510
1
['s', 115, 's', 'w', 's', 'w', 's', 'w', 's', 263, 1, 211, 159, 215, 127, 193, 61, 199, 'd', 'd', 163, 'd', 99, 'a', 141, 3, 's', 5, 'w', 7, 93, 9, 87, 's', 11, 180.0, 182, 184.0, 186.0, 220.0, 254.0, 288.0, 288.0]
Game 25
5506
7383
7970
7479
9120
10348
10318
11042
13574
15494
14550
9624
12300
8709
10697
8301
9321
6601
7641
7908
7983
8088
4628
7961
7892
8524
7800
7134
5696
5495
5088
7101
7974
7910
7956
1
['s', 43, 's', 'w', 's', 'w', 's', 'w', 's', 229, 87, 211, 161, 215, 57, 193, 'd', 199, 'w', 'd', 165, 'd', 99, 'd', 115, 141, 19, 185, 111, 155, 'd', 105, 51, 'w', 209, 186, 180, 220, 178, 254, 176, 288, 142, 286, 108, 284, 74, 282, 72, 280, 70, 278, 68, 276, 102, 242, 136, 208, 170, 174, 204, 172, 238, 170, 272]
