Game 1
5110
7393
8355
8604
8887
6102
6735
3794
5972
4936
5434
5676
5207
7320
8295
6454
7056
6909
6826
6752
6017
6065
4656
7427
8656
9783
9915
10858
14963
17295
17487
20501
20815
30646
35066
58925
62299
1
['s', 39, 's', 'w', 23, 159, 27, 163, 87, 91, 'd', 'd', 31, 235, 3, 'a', 51, 95, 107, 133, 145, 231, 217, 261, 'd', 'a', 'd', 211, 's', 'a', 'a', 'w', 's', 'w', 'd', 'a', 153, 174, 184, 140, 182, 106, 216, 104, 214, 102, 212, 68, 246, 70, 248, 72, 282]
Game 2
4832
7270
8031
5358
5672
4383
4313
4308
4632
4250
4414
4145
5174
5460
6027
5040
4475
5833
6191
5622
5154
4770
3730
4150
3854
6494
6482
1
['s', 255, 25, 161, 'a', 157, 129, 'a', 259, 165, 51, 139, 's', 'd', 133, 147, 55, 'w', 'a', 263, 73, 213, 211, 87, 7, 267, 29, 212, 70, 178, 68, 176, 102, 210, 136, 208, 170, 206, 204, 172, 206, 138, 208, 104, 174, 106, 176, 140, 178, 142, 180, 108, 214, 74, 248, 76, 250, 42, 252, 44, 254, 46, 288]
Game 3
4869
7233
7882
8582
9096
9825
11322
9910
13306
15458
14612
10291
12123
10987
11497
8689
10298
3268
7168
6920
9682
8235
7764
5943
6988
11009
12846
12572
12515
12885
13350
14397
14134
16550
17354
0
['s', 117, 's', 'w', 's', 'w', 's', 'w', 's', 227, 45, 265, 'd', 231, 23, 235, 'a', 177, 'w', 109, 161, 103, 147, 41, 1, 43, 3, 'd', 13, 'a', 49, 's', 31, 'd', 39, 216, 110, 182, 112, 148, 78, 114, 44, 80, 10, 46, 8, 12]
Game 4
4814
7419
7829
7825
9539
5654
8268
3101
3202
4408
4544
5287
6962
4053
3240
5085
4366
5465
3726
5000
4700
5060
5208
4580
4318
3990
4460
4698
0
['s', 257, 's', 'w', 59, 263, 'a', 157, 229, 161, 199, 'a', 'a', 153, 179, 'd', 215, 235, 267, 'a', 99, 39, 27, 107, 31, 19, 167, 35, 106, 278, 104, 280, 102, 282, 68, 284, 34, 286, 0, 288, 2, 254, 4, 252, 6, 250, 40, 216, 74, 218, 108, 220, 142, 186, 144, 184, 146, 182, 148, 114.0, 182, 80.0, 184, 46.0, 186, 44.0, 220, 42.0, 218, 8.0]
Game 5
4782
7441
8328
8648
9521
8670
10993
8732
13655
15680
14536
10036
11562
7575
10506
6969
9787
4739
8550
8446
7426
7527
6763
7077
7144
9887
10578
6732
10290
9906
11060
12805
12710
0
['s', 47, 's', 'w', 's', 'w', 's', 'w', 's', 229, 83, 225, 91, 215, 161, 221, 15, 147, 87, 77, 'wa', 1, 'w', 129, 3, 183, 5, 'd', 7, 's', 11, 'w', 25, 178, 108, 176, 106, 142, 104, 108, 102, 106, 68, 104, 70, 102, 72, 68, 74, 34, 76, 0]
Game 6
4669
7016
7579
8164
9145
7484
10431
5116
5941
4346
6748
2748
5829
6404
5101
4567
5749
4282
7275
4529
6150
6303
6839
6619
6860
3535
7129
4438
7395
10025
10858
7917
7591
7854
8305
6966
7324
6908
5366
8828
11091
10197
12457
15148
15837
16790
17778
1
['s', 111, 's', 'w', 's', 'w', 91, 125, 179, 121, 'a', 71, 'a', 's', 247, 'w', 17, 41, 'w', 53, 'd', 'a', 'w', 5, 'w', 129, 'd', 269, 's', 43, 209, 's', 'w', 's', 191, 'd', 'd', 'a', 153, 'w', 141, 's', 235, 'a', 's', 'w', 27, 208, 78, 206, 112, 172, 114, 174, 116, 140, 150, 138, 184, 136, 218, 102, 216, 68, 250, 34, 284]
Game 7
5018
7447
6310
5991
6548
5863
8033
6046
7402
5544
7720
7312
9111
8374
10371
7969
9415
7588
8539
8529
8505
3953
5514
5075
6564
6206
8189
7152
7790
7963
8457
8914
9917
10243
0
['s', 161, 's', 'a', 191, 'a', 53, 'w', 17, 'a', 221, 'd', 's', 95, 153, 'w', 23, 'd', 's', 109, 27, 111, 211, 41, 157, 81, 35, 201, 'w', 197, 'w', 165, 'd', 61, 76, 244, 42, 278, 44, 280, 46, 246, 48, 212, 82, 178, 116, 180, 150, 182, 152, 184, 186, 152, 184, 118, 182, 84, 180, 50, 178, 16]
Game 8
5382
7289
6806
6776
8580
8048
10078
9373
13166
15513
14549
10141
13157
6650
7503
7031
7714
9403
6926
8338
5152
6369
4707
5243
3668
5597
4315
11398
101819
4851
4883
3919
4663
4954
5280
1
['s', 191, 's', 'w', 's', 'w', 's', 'w', 's', 227, 'a', 209, 161, 179, 157, 187, 'd', 269, 17, 3, 55, 107, 75, 83, 93, 165, 23, 'sa', 'w', 'd', 27, 'wa', 31, 'a', 97, 172, 176, 138, 174, 104, 172, 70, 138, 72, 104, 74, 70, 108, 72, 142, 74, 144, 108, 146, 142, 148, 144, 150, 146, 152, 148, 118, 150, 84, 152, 50, 186, 48, 220, 46, 254, 44, 252, 42, 250, 40, 284]
Game 9
4997
6951
8114
7937
9072
9081
11213
6482
7302
6632
9065
6347
6913
5410
6462
4817
4297
2596
6987
3474
6705
6891
6432
7082
7700
10786
9099
6000
5694
4703
6698
7461
8601
7465
10016
8353
12078
16251
16697
1
['s', 103, 's', 'w', 's', 'w', 59, 161, 'a', 'a', 89, 123, 'd', 259, 'd', 165, 'd', 117, 'w', 81, 'a', 227, 'a', 189, 141, 177, 205, 'a', 209, 's', 85, 'a', 99, 's', 113, 'a', 1, 'w', 77, 204, 110, 170, 108, 172, 106, 138, 104, 106, 138, 108, 172, 110, 170, 76, 204, 74, 238, 40, 272]
Game 10
5019
6804
6161
5604
6457
5728
8450
6388
10317
5275
6891
3947
5363
7079
8121
7954
8238
5471
3480
3631
3745
3267
3272
3233
3938
4329
5089
5464
5380
1
['s', 159, 's', 'w', 'd', 'w', 's', 'd', 197, 163, 217, 115, 213, 109, 'w', 41, 263, 47, 167, 59, 245, 79, 175, 257, 223, 155, 17, 's', 25, 250, 112, 284, 146, 286, 148, 252, 114, 218, 80, 184, 46, 182, 12, 180, 10, 178, 8, 212, 6, 210, 40, 244, 74, 242, 108, 240, 142, 238, 140, 204, 138, 170, 136, 102.0, 170, 68.0, 204, 34.0, 238, 36.0, 272]
Game 11
5267
7288
6444
6068
7245
5828
8237
6354
9253
9388
13000
15519
14970
10932
12049
12760
12309
11611
10960
10432
9759
9174
8334
6496
6540
7992
6696
7456
10052
6397
10643
9928
9999
0
['s', 161, 's', 'w', 'a', 'w', 's', 'w', 's', 'a', 's', 261, 51, 257, 157, 117, 9, 79, 171, 239, 75, 265, 227, 269, 'wa', 103, 55, 87, 63, 'd', 179, 'a', 143, 210, 172, 208, 138, 242, 104, 244, 106, 246, 108, 248, 74, 214, 72, 180, 70, 182, 68, 148, 102, 146, 136, 112, 170, 78, 204, 44, 238, 10]
Game 12
5051
7519
7858
8399
9452
8582
9869
9280
13100
15448
14614
10194
10838
5009
7125
6834
4611
7623
5419
6940
6717
2411
3992
5374
4875
6505
6477
5241
6934
6150
7172
7114
7118
0
['s', 109, 's', 'w', 's', 'w', 's', 'w', 's', 229, 209, 261, 'd', 181, 159, 265, 163, 223, 155, 269, 'w', 141, 1, 45, 3, 87, 5, 'ds', 7, 'a', 9, 'w', 13, 212, 214, 210, 212, 244, 210, 246, 244, 248, 246, 250, 248, 216, 250, 182, 216, 184, 182, 150, 184, 116, 150, 82, 116, 48, 114, 14]
Game 13
5187
7609
7423
4471
6060
5336
4055
6102
6120
6042
7831
5731
6311
6512
6421
5428
4662
3231
2013
3690
3515
3619
4009
3936
3461
4135
3662
4331
4794
4828
1
['s', 231, 261, 57, 'd', 'a', 257, 'a', 221, 'a', 81, 'a', 87, 61, 207, 11, 65, 39, 17, 'd', 265, 175, 181, 79, 'w', 91, 's', 183, 'w', 83, 8, 276, 6, 278, 4, 280, 38, 282, 72, 284, 70, 286, 68, 252, 102, 218, 136, 184, 170, 150, 172, 148, 174, 146, 208, 112, 242, 110, 244, 108, 246, 106, 248, 104, 250, 102, 252, 68, 286]
Game 14
5506
7464
8150
5373
5663
4827
5148
3564
5250
3329
3956
3651
2459
2827
2798
3177
3640
3140
3307
3227
3442
3313
3426
3554
3848
4007
4034
1
['s', 99, 25, 161, 21, 157, 63, 231, 'd', 59, 17, 41, 165, 235, 31, 109, 227, 217, 223, 255, 'd', 'a', 'd', 'a', 259, 'd', 263, 280, 50, 282, 84, 284, 82, 250, 80, 248, 114, 246, 148, 244, 150, 242, 152, 240, 186, 238, 184, 204, 182, 170, 216, 172, 214, 174, 212, 176, 210, 178, 208, 180, 206, 182, 204, 184, 238, 186, 240, 152, 242, 118, 244, 116, 246, 114, 248, 80, 250, 82, 284]
Game 15
5290
6985
6380
5287
6841
5326
8103
4870
5165
4976
6711
3744
7017
5270
5311
6028
5811
6269
1920
7484
7460
6792
5996
5841
5324
5053
10036
12252
1
['s', 159, 's', 'w', 'd', 'w', 59, 95, 89, 'w', 'a', 229, 155, 233, 145, 197, 85, 's', 215, 53, 245, 187, 1, 117, 23, 129, 3, 201, 110, 178, 144, 176, 142, 174, 140, 172, 138, 170, 136, 102.0, 170, 104.0, 172, 106.0, 174, 108.0, 208, 110.0, 242, 76.0, 276]
Game 16
5220
7348
8118
8259
9310
8660
10752
10427
12959
15719
14476
8300
11283
10499
8862
8283
8123
3558
7438
6974
5474
4707
5587
5124
5236
6061
6020
5193
6321
6664
6581
0
['s', 65, 's', 'w', 's', 'w', 's', 'w', 's', 227, 269, 179, 159, 223, 155, 255, 'a', 205, 51, 5, 55, 111, 59, 129, 107, 3, 29, 'a', 45, 'a', 97, 172, 176, 170, 174, 136, 172, 102, 170, 68, 136, 70, 102, 72, 68, 74, 70, 76, 72, 78, 74, 112, 76, 114, 78, 116, 112, 118, 114, 84, 116, 82, 150, 80, 184, 46, 218, 48, 252, 50, 250, 16]
Game 17
5309
7085
8090
8288
8247
9193
10796
9554
13045
15522
14628
9307
12023
10883
9880
9839
8967
5962
7023
6401
5492
2877
4332
3532
4271
4086
4662
5873
5841
1
['s', 107, 's', 'w', 's', 'w', 's', 'w', 's', 229, 79, 177, 161, 233, 165, 269, 151, 251, 65, 241, 61, 111, 57, 91, 53, 85, 17, 'd', 21, 214, 216.0, 218.0, 220.0, 186.0, 152.0, 118.0, 84.0, 116.0, 118.0, 150.0, 116.0, 148.0, 150.0, 146.0, 148.0, 112.0, 146.0, 78.0, 112.0, 76.0, 78.0, 74.0, 76.0, 72.0, 74.0, 70.0, 72.0, 68.0, 106.0, 34.0, 140.0, 36.0, 174.0, 38.0, 208.0, 40.0, 242.0, 42.0, 276.0]
Game 18
4708
7503
6087
5781
6746
5528
7975
6455
9096
7293
8999
8226
8402
8786
10311
9006
9280
8437
8706
7688
8073
7720
8052
7563
6835
7930
9213
14328
11281
18549
11701
14613
16234
16778
0
['s', 159, 's', 'd', 197, 'a', 'd', 'w', 's', 261, 227, 'a', 243, 45, 219, 223, 125, 'd', 257, 'd', 177, 'w', 131, 147, 59, 213, 151, 89, 'd', 83, 'w', 97, 'w', 15, 12, 248, 10, 282, 44, 284, 42, 286, 40, 288, 74, 254, 72, 220, 70, 186, 104, 152, 138, 118, 172, 84, 206, 50, 204, 16]
Game 19
5483
7085
5910
3361
5872
4439
7042
4409
7253
4642
6910
3794
6402
6619
6426
5855
6237
2363
5725
5062
6476
6399
5294
5678
5650
5273
4865
4421
4693
5477
5831
1
['s', 159, 25, 265, 'd', 'w', 's', 'd', 231, 95, 63, 45, 'a', 'a', 87, 91, 'a', 37, 'w', 119, 31, 247, 17, 133, 227, 129, 223, 'a', 109, 'a', 163, 240, 6, 238, 8, 204, 10, 170, 12, 172, 46, 174, 48, 176, 50, 178, 84, 180, 118, 182, 116, 184, 114, 150, 112, 148, 110, 146, 144, 110, 146, 112, 148, 114, 150, 116, 184, 82, 218, 84, 252, 50, 286]
Game 20
5015
7162
7937
8051
9783
5605
6737
6489
6242
7899
9188
5953
6429
5407
6503
4800
5369
5929
6684
5274
5049
5511
5900
6206
5871
5645
6872
5247
7439
9191
1
['s', 201, 's', 'w', 23, 159, 's', 'd', 27, 163, 65, 107, 19, 75, 's', 145, 31, 'a', 219, 'w', 177, 's', 245, 89, 1, 113, 'w', 205, 155, 5, 76, 212, 78, 214, 80, 180, 114, 182, 148, 184, 150, 116.0, 184, 82.0, 182, 80.0, 216, 46.0, 250, 44.0, 284]
Game 21
5439
7140
6014
3483
5886
5326
6869
7008
6931
5115
8881
5141
6564
3979
6172
4769
6568
6784
6064
6955
6252
5916
5844
5445
5425
6737
6778
8281
8817
0
['s', 159, 95, 197, 's', 'w', 's', 'a', 'd', 145, 53, 201, 'a', 109, 57, 91, 17, 211, 129, 189, 25, 'a', 153, 249, 49, 151, 21, 'w', 29, 210, 112, 176, 114, 174, 116, 140, 82, 106, 80, 72, 78, 74, 76, 78.0, 74, 80.0, 72, 82.0, 106, 116.0, 140, 118.0, 174, 84.0, 176, 50.0, 210, 16.0]
Game 22
5147
7303
8258
9057
9231
9756
10692
10348
13275
15613
14528
12456
12272
10989
7900
7633
7588
5452
6717
5811
6338
5893
6394
5817
5933
7418
7663
7765
8864
10141
9957
0
['s', 113, 's', 'w', 's', 'w', 's', 'w', 's', 227, 93, 179, 89, 175, 107, 231, 'w', 235, 27, 5, 23, 1, 177, 243, 83, 81, 13, 's', 51, 'w', 3, 110.0, 146, 144.0, 180, 146.0, 182, 180.0, 148, 182.0, 114, 148.0, 80, 150.0, 78, 116.0, 76, 82.0, 74, 48.0, 72, 14.0]
Game 23
5210
7581
8029
7691
8400
5811
7623
4945
8823
5867
9129
5764
8124
5614
4164
6665
7030
7157
6966
6281
4296
4638
3241
4297
4000
5241
6365
1
['s', 99, 's', 'w', 59, 261, 193, 'w', 's', 127, 'a', 123, 95, 153, 209, 'd', 197, 109, 201, 71, 223, 55, 119, 1, 165, 3, 219, 248, 74, 282, 76, 280, 110, 278, 112, 276, 114, 242, 148, 240, 146, 238, 180, 204, 178, 170, 176, 172, 174, 176.0, 208, 178.0, 206, 144.0, 204, 146.0, 238, 148.0, 272]
Game 24
4864
7608
7723
8218
8543
9205
10308
11237
13244
15752
14824
7205
11297
6007
9844
3050
7232
1937
8205
8612
8121
7545
7588
7089
6886
6676
5286
3209
6793
9843
9731
0
['s', 3, 's', 'w', 's', 'w', 's', 'w', 's', 227, 255, 231, 125, 175, 93, 235, 'w', 107, 31, 23, 63, 5, 27, 167, 53, 155, 247, 'd', 161, 'd', 71, 148, 146, 114, 112, 80, 110, 78, 108, 76, 74, 72.0, 106, 140.0, 138, 136.0, 170, 102.0, 204, 68.0, 238, 34.0, 240, 0.0]
Game 25
5346
7221
7362
7073
8230
8684
10455
6797
3574
4205
5353
4884
6229
5406
5835
6439
5017
6530
4680
7674
6955
6428
6021
5830
5470
5165
7928
13743
15417
13797
1
['s', 225, 's', 'w', 's', 'w', 's', 229, 159, 233, 61, 'd', 197, 155, 167, 'a', 193, 'a', 175, 111, 149, 1, 51, 3, 27, 5, 239, 7, 'w', 9, 144, 212, 142, 214, 140, 216, 138, 218, 136, 220, 170, 254, 204, 252, 238, 250, 272]
