Game 1
5316
7582
8018
8096
9095
8790
10795
9263
13227
15446
15090
12067
12178
9895
10714
8379
9393
7765
8861
4586
5573
2439
6571
6350
6214
8169
7291
5568
6822
7189
7053
7617
8115
9748
9802
0
['s', 17, 's', 'w', 's', 'w', 's', 'w', 's', 261, 185, 265, 127, 209, 159, 215, 'wa', 141, 'd', 269, 179, 73, 131, 71, 'w', 57, 149, 'a', 177, 's', 65, 's', 163, 'd', 29, 248, 144, 214, 142, 180, 108, 182, 74, 216, 76, 218, 78, 184, 44, 150, 42, 152, 40, 118, 38, 84, 72, 82, 106, 80, 140, 46, 174, 44, 208, 10]
Game 2
5457
7579
7672
8379
9111
9830
11577
11515
13281
15883
14904
8941
12513
8769
11307
8117
9161
6343
7396
6098
7029
6632
6383
6002
5734
9100
11096
11406
13250
0
['s', 3, 's', 'w', 's', 'w', 's', 'w', 's', 227, 269, 213, 161, 223, 157, 195, 97, 173, 165, 265, 11, 239, 1, 7, 5, 241, 9, 'd', 175, 182, 210, 184, 176, 186, 178, 152, 180, 118, 182, 84, 184, 50, 186, 16]
Game 3
5544
7791
7765
8249
8782
3688
5529
3799
6876
2956
5151
5506
6402
4733
6917
6059
5609
7271
4528
5720
5379
4740
5394
5083
5889
7096
5952
3810
5031
6610
7070
7488
7458
1
['s', 121, 's', 'w', 127, 75, 21, 'w', 'd', 79, 'w', 199, 'a', 7, 'd', 263, 'd', 'd', 195, 235, 65, 259, 17, 267, 29, 231, 185, 'd', 211, 'a', 9, 'a', 99, 246, 80, 248, 114, 250, 148, 252, 182, 254, 180, 288, 178, 286, 176, 284, 210, 282, 244, 280, 242, 278, 240, 276, 274]
Game 4
5001
7893
8175
8412
9358
6370
6894
7092
8724
7367
9410
5134
3713
8589
8479
5025
5840
5724
6180
6401
6214
5667
4972
4728
4302
4407
4262
6032
6161
7069
0
['s', 139, 's', 'w', 25, 161, 'a', 'w', 's', 'w', 177, 123, 179, 75, 165, 71, 'w', 's', 245, 191, 133, 3, 129, 57, 29, 43, 257, 's', 185, 1, 72, 248, 38, 250, 4, 252, 6, 254, 8, 220, 10, 186, 12, 152, 14, 150, 16, 148, 50, 146, 84, 144, 118, 110, 116, 112, 114, 78, 112, 44, 110, 46, 144, 48, 146, 50, 148, 16]
Game 5
5306
6870
8038
8632
9656
5985
6710
5348
6133
6559
6079
4824
3132
6298
6614
6101
6046
4289
4618
2863
3146
3085
3870
4844
4791
0
['s', 65, 's', 'w', 25, 161, 55, 157, 'd', 'w', 29, 165, 153, 269, 181, 265, 47, 261, 7, 209, 229, 193, 71, 95, 109, 210, 76, 244, 110, 246, 144, 248, 146, 250, 148, 216, 150, 182, 152, 184, 186, 152, 220, 118, 254, 116, 252, 114, 250, 112, 248, 110, 246, 76, 244, 74, 210, 108, 212, 142, 214, 140, 180, 138, 178, 104, 176, 70, 174, 36, 208, 2]
Game 6
5362
7227
8286
5727
6217
6382
6453
4658
5693
6117
6234
6147
6957
8216
8957
4905
4761
6216
7087
6780
6515
6096
5721
5475
5291
9058
11658
1
['s', 239, 25, 161, 's', 'w', 55, 157, 's', 'w', 's', 'd', 181, 111, 249, 105, 51, 43, 75, 73, 149, 29, 113, 95, 1, 227, 175, 248, 142, 246, 140, 244, 106, 242, 72, 208, 70, 174, 104, 172, 138, 104.0, 172, 70.0, 206, 72.0, 240, 106.0, 274]
Game 7
5387
6765
6536
4197
5303
3584
3402
4148
4505
4373
4913
3724
5047
2408
6009
6450
5623
4208
5643
5406
4898
6696
6760
6387
6395
7044
7487
1
['s', 161, 55, 259, 'd', 165, 227, 'w', 189, 269, 'a', 59, 'a', 5, 245, 175, 213, 41, 99, 1, 157, 15, 95, 's', 217, 'w', 185, 280, 6, 282, 8, 248, 42, 214, 44, 180, 46, 182, 80, 184, 78, 218, 76, 252, 110, 254, 144, 220, 142, 186, 140, 152, 138, 118, 172, 116, 170, 114, 204, 112, 238, 110, 272]
Game 8
5007
7531
6830
5596
7564
6188
7300
5924
8064
6415
7847
5534
6502
5981
6788
6765
7120
6101
6281
5174
3292
4775
2980
5708
5781
6834
6757
1
['s', 27, 23, 161, 55, 157, 's', 'd', 'd', 165, 65, 269, 's', 'a', 119, 187, 17, 115, 99, 107, 3, 191, 41, 111, 209, 'w', 45, 212, 78, 178, 76, 176, 110, 174, 108, 172, 74, 138, 72, 140, 106, 72.0, 140, 74.0, 138, 108.0, 172, 110.0, 174, 76.0, 176, 78.0, 178, 112.0, 212, 114.0, 246, 80.0, 280]
Game 9
5333
7429
7813
8099
9015
5141
6962
5619
3692
4110
6337
4148
7331
4851
6236
4280
3649
5781
4891
4012
4675
2968
4835
5447
5143
4336
4242
4445
4597
1
['s', 257, 's', 'w', 57, 159, 's', 111, 195, 109, 'w', 'w', 'd', 95, 211, 45, 213, 43, 53, 99, 17, 221, 21, 239, 199, 's', 225, 's', 217, 282, 44, 284, 10, 286, 8, 252, 42, 218, 40, 220, 38, 186, 36, 184, 34, 182, 68, 180, 102, 178, 136, 176, 170, 174, 172, 140, 174, 106, 176, 72, 178, 70, 180, 68, 182, 34, 184, 36, 186, 38, 220, 40, 254, 42, 288]
Game 10
5327
7102
7319
8354
8971
5599
6495
3314
6255
5779
7472
4569
6492
1582
6673
7194
6564
6570
6306
5962
5711
8125
10835
8356
11059
7441
10879
8559
10626
11612
12262
0
['s', 29, 's', 'w', 57, 159, 95, 91, 53, 87, 217, 45, 'a', 39, 21, 139, 111, 269, 81, 257, 175, 227, 'd', 'd', 'd', 'a', 'a', 's', 49, 'w', 99, 244, 78, 242, 44, 208, 10, 174, 8, 140, 6, 106, 4, 104, 2, 102, 36, 68, 34, 0.0]
Game 11
5175
7486
6635
7684
7669
5455
8759
5419
8285
5946
9391
6049
8206
5925
7453
6955
7089
8102
7963
7153
6914
6614
5810
5719
5890
4919
5435
6090
7649
7792
0
['s', 61, 's', 'w', 227, 'd', 23, 'w', 's', 'a', 193, 197, 53, 'd', 201, 223, 213, 103, 117, 105, 161, 75, 183, 143, 265, 57, 'd', 35, 'd', 81, 148, 248, 150, 250, 116, 252, 82, 286, 48, 284, 14, 282, 12, 280, 10, 246, 8, 244, 6, 242, 4, 240, 2, 238, 0, 204, 34, 170, 68, 136, 102, 68.0, 136, 34.0, 170, 0.0]
Game 12
5311
3559
4869
4928
3236
4221
4777
4582
4050
5539
7029
4831
6335
4337
5690
4513
5766
4018
4567
4139
4538
4402
5390
5931
5129
4897
5258
4891
7192
7716
0
[127, 'a', 225, 'a', 221, 'd', 's', 'w', 211, 's', 193, 265, 's', 77, 29, 123, 25, 57, 'a', 145, 'a', 53, 'a', 171, 99, 35, 39, 143, 11, 173, 104, 280, 102, 246, 68, 212, 34, 214, 0, 180, 2, 146, 4, 148, 6, 114, 40, 80, 42, 46, 44, 48, 78, 50, 112, 16]
Game 13
5462
7075
7747
6739
8410
5678
3613
6015
5184
6678
8458
9147
9227
7966
8425
7888
7658
7208
6824
6516
6298
5923
5514
5385
9152
12146
1
['s', 259, 's', 'w', 's', 263, 229, 'a', 225, 'a', 207, 267, 27, 71, 233, 35, 5, 159, 99, 23, 131, 19, 139, 9, 149, 13, 144, 244, 146, 246, 180, 248, 214, 250, 216, 252, 218, 254, 220, 186.0, 254, 152.0, 288]
Game 14
5200
7335
7404
7963
9078
8130
10585
4500
8669
9161
11053
12523
12637
11527
9468
8154
9939
4755
5718
5489
6800
6486
6402
5524
6201
4288
4983
7579
8431
11273
11266
0
['s', 153, 's', 'w', 's', 'w', 25, 227, 's', 'w', 's', 179, 159, 209, 'wa', 223, 89, 173, 85, 111, 41, 95, 29, 'a', 49, 133, 61, 241, 191, 'w', 177, 106, 174, 108, 140, 110, 106, 76, 108, 78, 110, 80, 76, 82, 78, 116, 80, 118, 82, 84, 116, 50, 114, 16]
Game 15
5130
3826
3652
3442
3614
4763
4737
5314
5388
5663
6148
6842
6583
7409
7341
8687
5910
8550
3603
8688
8321
9579
9799
8595
9046
9396
8037
7510
9513
6334
5635
5978
6170
6337
4554
8535
8970
12581
14350
15436
0
[127, 191, 261, 267, 61, 'd', 'a', 'w', 's', 'w', 's', 'w', 's', 'w', 's', 'd', 65, 'w', 77, 's', 109, 'a', 11, 'a', 123, 157, 85, 187, 39, 195, 'a', 181, 'a', 163, 's', 115, 'd', 51, 'd', 97, 178, 176, 144, 174, 146, 172, 148, 138, 114, 104, 112, 106, 78, 72, 80, 38, 82, 4]
Game 16
5426
7215
8081
5987
5616
4726
6043
4688
5839
4794
5942
7340
6381
7783
6925
7217
6665
6334
5971
8656
9697
9254
9466
10800
9817
0
['s', 107, 23, 159, 27, 163, 'a', 39, 's', 167, 117, 17, 41, 215, 3, 261, 15, 81, 35, 255, 43, 'd', 45, 'd', 65, 250, 108, 216, 110, 182, 112, 180, 114, 178, 80, 176, 46, 174, 48, 140, 14, 106, 12, 72, 10, 38, 8, 4]
Game 17
5087
7358
7836
8459
8579
10019
11788
10822
13349
15693
14704
10994
11813
8970
10942
2841
10289
9873
9176
8563
7846
6530
6738
5424
6019
9532
12226
9226
9108
8762
9491
1
['s', 147, 's', 'w', 's', 'w', 's', 'w', 's', 229, 193, 225, 25, 215, 'a', 175, 21, 253, 159, 75, 127, 107, 17, 39, 151, 65, 45, 'd', 97, 'w', 115, 144, 212, 142, 214, 108, 180, 74, 146, 40, 144, 42, 142, 76, 108, 110, 74, 112, 40, 114, 42, 148, 76, 182, 110, 184, 112, 150, 114, 116, 148, 118, 182, 84, 216, 82, 250, 80, 284]
Game 18
5042
7490
7785
6929
9086
5873
3712
6235
4885
6524
8318
9246
10375
8709
9649
9183
8884
8200
7563
7224
6888
6541
6190
5885
8968
13300
14478
17835
1
['s', 265, 's', 'w', 's', 261, 227, 'd', 231, 'd', 217, 175, 239, 'a', 223, 5, 109, 97, 219, 107, 85, 1, 145, 3, 181, 7, 'd', 9, 146, 246, 148, 244, 182, 242, 184, 276, 218, 278, 252, 280, 286]
Game 19
4929
7388
7521
5667
5793
4416
4940
4706
3290
5117
5702
4706
4470
4356
5069
3105
3220
3206
3461
4145
4806
0
['s', 153, 25, 161, 55, 157, 29, 165, 99, 235, 49, 231, 7, 95, 171, 91, 227, 59, 19, 87, 209, 278, 44, 276, 46, 242, 80, 208, 78, 174, 76, 176, 74, 178, 72, 180, 70, 182, 68, 184, 102, 186, 136, 152, 138, 118, 140, 116, 142, 114, 144, 112, 146, 110, 148, 108, 150, 106, 152, 104, 186, 102, 184, 68, 182, 34, 180, 0]
Game 20
5186
7403
8081
8379
8778
8591
10646
6386
7686
3761
6743
6317
7951
7538
9104
8830
9903
6912
3980
10053
9770
5512
4016
8680
7739
7614
6476
6676
6583
8045
7579
10721
15091
15432
0
['s', 243, 's', 'w', 's', 'w', 91, 159, 95, 231, 121, 'd', 65, 'w', 's', 'w', 'd', 'd', 99, 235, 181, 'a', 111, 227, 43, 223, 27, 173, 'as', 255, 141, 57, 'a', 193, 180, 214.0, 212, 210.0, 208.0, 174.0, 140.0, 138.0, 136.0, 102.0, 170.0, 68.0, 204.0, 34.0, 238.0, 0.0]
Game 21
5276
7645
8415
8175
9304
9779
11093
9893
13113
15481
14604
8927
12000
12126
9909
5559
6572
6822
5293
7267
5581
6483
5913
5740
5533
9379
9891
11841
12190
0
['s', 81, 's', 'w', 's', 'w', 's', 'w', 's', 229, 197, 177, 161, 215, 165, 201, 99, 109, 49, 171, 23, 121, 63, 239, 1, 269, 3, 'd', 59, 182, 178, 184, 180, 186, 182, 152, 184, 150, 186, 148, 152, 114, 150, 80, 148, 78, 114, 76, 80, 74, 78, 40, 76, 38, 74, 4]
Game 22
5053
7339
6492
5678
6649
7289
7584
7736
9080
9567
10133
8983
11354
6322
6391
5591
6667
5409
5651
3412
4894
3989
4845
5300
5965
5727
5343
4851
4794
5517
5681
5812
6024
5668
5808
0
['s', 161, 's', 'w', 's', 'a', 225, 'a', 's', 'a', 221, 113, 39, 109, 211, 's', 195, 45, 'w', 89, 'w', 25, 'w', 7, 165, 229, 99, 13, 115, 19, 's', 'd', 199, 'd', 51, 280, 74, 246, 40, 248, 6, 250, 4, 216, 2, 218, 0, 220, 34, 186, 36, 184, 38, 182, 72, 180, 70, 178, 104, 176, 138, 142, 172, 108, 174, 106, 176, 104, 178, 70, 180, 72, 182, 38, 184, 36, 186, 34, 220, 0]
Game 23
5343
7252
7686
8247
8679
5843
6283
6486
6362
7153
8436
7216
5562
8360
9522
8281
8928
7479
7854
7607
7657
8146
8234
8513
11399
12928
3396
11180
9491
9551
8442
8482
6889
7508
6578
7223
7318
5879
6948
7274
10252
15161
19189
20113
26708
27708
0
['s', 29, 's', 'w', 23, 159, 's', 'd', 195, 'w', 61, 'a', 211, 55, 243, 'd', 69, 'd', 65, 'w', 9, 'a', 5, 'a', 141, 155, 's', 111, 'w', 'd', 'a', 'w', 'w', 'w', 's', 187, 'a', 137, 'd', 91, 'a', 119, 'w', 'w', 'd', 95, 76, 74.0, 78, 72.0, 80, 70.0, 82, 36.0, 116, 2.0]
Game 24
4890
6979
8541
5059
6014
5731
7999
5337
7765
7910
9922
10184
11473
13797
13274
11205
11312
10740
10385
10453
9370
7787
7844
5797
6466
6535
6295
6723
8759
7344
7644
7628
7596
9031
8943
0
['s', 111, 23, 159, 's', 'w', 'd', 'w', 's', 'w', 's', 'd', 's', 265, 43, 261, 95, 269, 'a', 257, 'a', 209, 99, 193, 155, 197, 171, 147, 85, 'a', 89, 'a', 19, 'a', 227, 208, 212, 242, 214, 240, 216, 238, 218, 204, 184, 170, 150, 136, 116, 102, 114, 104, 112, 106, 146, 108, 180, 110, 178, 76, 176, 42, 174, 40, 208, 38, 242, 36, 240, 34, 238, 0]
Game 25
5336
7599
8039
6250
5302
6152
7195
4855
6731
4620
6523
5197
6027
5752
7464
7202
6655
8381
8407
7879
6940
6349
5071
4191
4003
5130
5980
7343
0
['s', 19, 23, 159, 129, 57, 51, 'w', 'd', 'w', 's', 109, 's', 'w', 179, 'a', 175, 69, 221, 231, 261, 235, 121, 77, 1, 257, 27, 61, 114, 210, 116, 244, 150, 242, 148, 208, 146, 174, 144, 140, 110, 142, 76, 108, 74, 72, 108, 38, 142, 40, 140, 42, 174, 44, 208, 46, 242, 48, 240, 14]
