Game 1
5333
7358
8327
8347
9504
9235
10935
10490
12975
15449
14942
11191
12603
10385
11358
8385
9347
6677
8035
7672
8050
8161
7536
5337
7815
7504
6684
10572
15142
8832
13649
10443
13802
16868
16632
0
['s', 69, 's', 'w', 's', 'w', 's', 'w', 's', 261, 111, 213, 161, 257, 23, 197, 'a', 209, 'w', 'a', 87, 141, 'd', 201, 91, 73, 3, 235, 9, 's', 11, 's', 13, 'a', 15, 206, 180, 172, 182, 138, 148, 136, 114, 102, 80, 68, 78, 34, 76, 0]
Game 2
5503
7304
8134
6501
5718
4578
5702
3837
5375
4195
4802
5813
6274
5774
5727
5089
5406
4392
4419
5635
5913
1
['s', 47, 25, 161, 21, 157, 29, 165, 17, 255, 133, 201, 97, 259, 121, 107, 195, 59, 129, 7, 111, 246, 44, 212, 46, 210, 80, 176, 78, 174, 76, 172, 74, 138, 72, 136, 106, 102, 104, 68, 102, 70, 136, 72, 170, 74, 204, 76, 238, 78, 240, 112, 242, 114, 244, 116, 246, 118, 280]
Game 3
4923
7482
5971
5757
6806
3687
5967
4823
5708
4120
5063
5877
6704
5753
6732
5328
6811
6167
5329
5968
5630
5686
6415
7456
8925
9458
1
['s', 159, 's', 'w', 95, 229, 155, 163, 247, 235, 17, 'a', 133, 'w', 21, 109, 115, 187, 175, 257, 91, 261, 223, 51, 'a', 73, 40, 244, 38, 242, 72, 240, 106, 238, 140, 204, 138, 206, 136, 208, 170, 174, 172, 170.0, 174, 136.0, 208, 102.0, 206, 68.0, 204, 70.0, 238, 72.0, 272]
Game 4
5162
7061
7438
8207
8521
8520
10726
10113
12700
15544
14829
10650
12616
11581
9747
10958
9928
9440
9332
4437
4783
4181
3896
4885
4264
5888
5102
6067
6507
0
['s', 97, 's', 'w', 's', 'w', 's', 'w', 's', 261, 179, 247, 159, 211, 175, 257, 189, 239, 89, 221, 85, 111, 1, 49, 185, 167, 3, 'a', 23, 210, 178, 244, 176, 242, 210, 208, 244, 206, 242, 204, 208, 170, 206, 136, 204, 102, 170, 104, 136, 106, 102, 108, 104, 110, 106, 76, 108, 42, 110, 44, 76, 10]
Game 5
5401
7371
7745
8781
10020
9286
11507
6566
7369
7688
9540
6371
7232
6057
6495
6601
4363
5497
4646
5767
4373
5709
5043
5167
4646
6530
7032
1
['s', 45, 's', 'w', 's', 'w', 93, 161, 'a', 'a', 89, 157, 175, 107, 181, 165, 85, 269, 133, 265, 129, 261, 97, 257, 221, 247, 65, 212, 142, 214, 144, 248, 146, 250, 148, 216, 150, 182, 152, 184, 186, 152, 220, 150, 254, 148, 252, 146, 250, 144, 248, 110, 214, 112, 212, 114, 246, 116, 244, 118, 242, 84, 240, 82, 238, 80, 272]
Game 6
5304
7455
8269
8745
9298
6381
7174
4599
7700
4680
5354
3458
6311
4955
7474
7894
7938
7704
7339
6881
6667
6000
6212
8240
8227
5829
10245
12062
12707
0
['s', 139, 's', 'w', 23, 263, 93, 125, 'a', 73, 's', 75, 179, 5, 'w', 233, 65, 13, 87, 'a', 51, 45, 97, 167, 181, 'w', 113, 'd', 37, 246, 40, 248, 42, 250, 44, 252, 10, 254, 12, 220, 46, 186, 80, 184, 82, 182, 84, 148, 118, 114, 152, 116, 150, 118, 148, 84, 182, 82, 216, 80, 218, 46, 220, 12]
Game 7
5780
7312
7635
5814
6108
5987
6669
3490
6013
6036
7795
7291
8832
7861
9723
9305
10260
11466
9223
7475
7538
4920
6847
8906
7445
7626
7297
11906
9663
9247
14337
9089
15619
11804
17286
9234
18441
21568
24134
0
['s', 81, 23, 159, 's', 'w', 129, 197, 19, 257, 's', 'w', 's', 'w', 'd', 'd', 'sa', 193, 'd', 201, 'a', 141, 'd', 167, 27, 5, 235, 139, 245, 'w', 45, 'a', 137, 'w', 'w', 'a', 31, 'a', 35, 104, 146, 102, 144, 68, 110, 34, 108, 0]
Game 8
5256
7526
8237
7926
9639
8540
10811
9872
12305
15680
14660
9945
12134
5134
4185
8330
6940
4745
5555
5854
5123
6575
5600
5514
4738
7752
7653
6732
6736
0
['s', 187, 's', 'w', 's', 'w', 's', 'w', 's', 227, 7, 213, 93, 177, 161, 265, 97, 269, 31, 109, 1, 59, 3, 147, 5, 133, 199, 'd', 231, 214, 178, 216, 180, 218, 214, 220, 216, 186, 218, 152, 220, 150, 186, 148, 152, 114, 150, 116, 148, 118, 114, 84, 116, 50, 118, 48, 84, 46, 82, 12]
Game 9
5384
7347
8161
6957
8715
6077
3702
4094
7188
5146
5402
5900
5671
5916
5692
4379
3367
6336
6634
8177
7828
7282
6329
6308
5894
5680
9097
10559
9370
10697
13926
13454
1
['s', 259, 's', 'w', 's', 263, 159, 'd', 195, 'd', 165, 267, 25, 155, 'd', 'd', 99, 'd', 95, 235, 117, 127, 217, 215, 1, 13, 137, 's', 'd', 75, 'a', 177, 110, 286, 76, 284, 42, 282, 40, 280, 74, 278, 108, 276, 106, 274, 104, 240, 102, 206, 136, 204, 170, 136.0, 204, 102.0, 238, 68.0, 272]
Game 10
4995
7155
8095
6075
6203
3810
4950
2223
5026
5713
6024
5929
5185
4604
5646
6113
4966
4805
4310
4667
4767
5390
4809
2950
5578
6134
6435
0
['s', 45, 25, 161, 55, 59, 'a', 51, 'w', 'w', 'd', 233, 97, 201, 65, 29, 181, 183, 91, 223, 173, 171, 121, 'a', 77, 's', 157, 244, 10, 242, 12, 240, 14, 238, 16, 204, 50, 170, 48, 136, 46, 138, 80, 140, 82, 142, 84, 144, 118, 146, 152, 112, 150, 114, 148, 116, 146, 118, 144, 84, 142, 82, 140, 80, 138, 46, 136, 48, 170, 50, 204, 16]
Game 11
5034
7316
8055
7767
8599
5761
6548
5133
6401
6532
5854
7479
7324
8059
9142
7076
8047
2402
4795
5474
4769
3531
3907
3314
3830
5214
6031
8115
8833
1
['s', 187, 's', 'w', 59, 161, 55, 157, 'd', 'd', 'd', 'w', 181, 265, 63, 269, 27, 165, 139, 213, 31, 193, 13, 223, 's', 259, 113, 's', 75, 250, 148, 216, 150, 182, 152, 184, 186, 152, 220, 118, 254, 84, 252, 82, 250, 80, 248, 78, 214, 112, 180, 146, 178, 144, 176, 142, 174, 108, 208, 74, 206, 72, 204, 70, 238, 36, 272]
Game 12
5201
7891
7933
7875
8524
9561
10834
11030
13491
15800
15684
14173
13153
9985
11098
11146
9681
9042
8307
7999
7660
7240
6836
6413
6034
10860
18382
19306
19335
21120
18434
23816
24007
1
['s', 17, 's', 'w', 's', 'w', 's', 'w', 's', 141, 163, 229, 7, 177, 159, 215, 133, 233, 115, 3, 31, 5, 125, 9, 221, 145, 'd', 's', 'w', 'w', 209, 's', 89, 214, 182, 180, 216, 182, 218, 216, 220, 218, 254, 220, 288]
Game 13
5247
7350
8074
7664
8950
9470
11079
11687
13659
15541
14940
11994
12519
6136
4601
8199
8967
8216
8293
7549
7912
8277
7632
7224
7359
6864
6526
10159
13024
13264
17191
19402
23866
0
['s', 41, 's', 'w', 's', 'w', 's', 'w', 's', 261, 3, 213, 127, 209, 159, 231, 'wa', 141, 'd', 235, 147, 109, 1, 'ds', 5, 211, 9, 45, 13, 'd', 15, 'w', 27, 148, 214, 114, 216, 80, 182, 82, 148, 48, 114, 14]
Game 14
5176
7282
8151
8497
9643
6408
6243
6622
8404
8172
9474
9787
11674
13880
12968
10743
11775
8437
5358
7673
7658
7785
7756
8243
7752
7119
7120
11455
13602
12882
14848
11148
11789
12344
13446
1
['s', 47, 's', 'w', 59, 161, 'a', 'w', 's', 'w', 's', 'a', 's', 225, 191, 177, 205, 257, 55, 243, 'a', 137, 'a', 261, 51, 155, 11, 179, 123, 'w', 109, 'a', 79, 'a', 129, 104, 172, 70, 174, 72, 176, 74, 142, 76, 140, 110, 138, 144, 104, 146, 102, 148, 136, 150, 170, 116, 204, 82, 238, 48, 272]
Game 15
5016
7318
7028
8484
9226
8833
10616
10397
13957
15793
16355
13145
12978
10515
12064
7489
10323
2931
9090
9997
8385
7306
9968
8988
8767
7893
7500
9157
9360
10162
10068
10881
10480
11962
12147
0
['s', 249, 's', 'w', 's', 'w', 's', 'w', 's', 'w', 171, 227, 25, 231, 91, 177, 'd', 235, 'w', 11, 'w', 109, 63, 191, 115, 145, 127, 207, 5, 's', 157, 'w', 31, 's', 163, 212, 148, 214, 114, 180, 80, 182, 78, 184, 76, 150, 74, 116, 72, 82, 106, 84, 140, 50, 138, 48, 172, 46, 206, 12]
Game 16
4717
7535
8022
7868
8694
8177
10396
10317
13146
15499
14602
10616
9717
4769
5544
7683
4460
7155
7838
7352
7003
6460
6108
5655
5364
8931
10835
13018
13076
1
['s', 223, 's', 'w', 's', 'w', 's', 'w', 's', 227, 161, 179, 157, 171, 119, 255, 139, 1, 13, 3, 83, 5, 87, 7, 201, 9, 217, 'a', 97, 210, 208.0, 206.0, 172.0, 138.0, 136.0, 170.0, 204.0, 238.0, 240.0, 242.0, 244.0, 246.0, 278.0]
Game 17
5139
7136
8197
6020
5932
4129
4893
4709
6256
5411
6751
2314
5420
5144
5613
5991
5486
5117
4986
7605
9710
11272
11393
0
['s', 183, 25, 161, 89, 109, 97, 93, 's', 37, 85, 45, 65, 235, 39, 179, 103, 113, 1, 13, 225, 'd', 107, 248, 42, 214, 40, 180, 6, 182, 8, 148, 10, 114, 12, 116, 46, 118, 80, 84, 82, 80.0, 84, 46.0, 118, 12.0]
Game 18
5216
7530
6554
4940
5307
4804
6229
4706
5862
4486
4829
4022
5600
6358
6202
7018
6602
7298
6635
8079
8244
6418
7741
5796
9199
7830
9199
6413
10260
7970
11670
13460
14835
0
['s', 197, 25, 159, 'd', 61, 121, 201, 'a', 57, 'a', 5, 'd', 43, 1, 269, 3, 99, 71, 213, 141, 'd', 147, 'a', 117, 'd', 'a', 'a', 'w', 'w', 103, 'w', 15, 178, 8, 180, 10, 146, 12, 112, 46, 78, 48, 80, 82, 84.0, 80, 50.0, 114, 16.0]
Game 19
5457
7010
7848
7778
9031
5695
6141
4872
5940
6712
6046
5055
5692
3940
5754
5587
5037
5562
6128
5698
3464
5538
5020
5327
4896
5002
4586
4535
7394
7657
1
['s', 187, 's', 'w', 59, 161, 55, 157, 'd', 'd', 97, 165, 31, 201, 's', 'w', 's', 'w', 175, 'd', 183, 105, 51, 93, 49, 211, 251, 137, 87, 9, 112, 180, 110, 178, 108, 176, 74, 210, 72, 244, 70, 242, 68, 208, 102, 174, 104, 172, 138, 104.0, 172, 102.0, 174, 68.0, 208, 70.0, 242, 72.0, 276]
Game 20
5274
7078
7294
4620
6264
5761
6943
5453
7947
6174
9786
7373
11735
12593
13375
4660
4458
2031
6062
7417
5091
6274
6098
3145
7241
7311
6878
8717
8458
7251
8801
6052
7205
9354
10519
0
['s', 225, 23, 161, 's', 'w', 'a', 'w', 's', 'w', 's', 'a', 's', 207, 17, 177, 157, 255, 53, 243, 'wa', 65, 'a', 113, 3, 93, 125, 105, 57, 's', 27, 'w', 47, 'a', 187, 170.0, 138, 136.0, 104, 102.0, 70, 68.0, 72, 70.0, 74, 72.0, 76, 74.0, 78, 76.0, 80, 78.0, 114, 44.0, 148, 42.0, 182, 40.0, 216, 38.0, 250, 4.0]
Game 21
5192
7280
7895
7530
9124
9514
11042
10115
12386
15553
15027
4137
5686
8960
8446
9083
9386
8223
8185
8615
6313
8174
8509
8574
8678
8304
7983
7217
6929
6529
10245
22580
31012
30115
1
['s', 43, 's', 'w', 's', 'w', 's', 'w', 's', 261, 211, 213, 161, 'a', 157, 231, 19, 225, 'w', 'd', 147, 's', 199, 'd', 219, 195, 153, 1, 81, 5, 99, 7, 'd', 11, 178, 218, 176, 252, 210, 286, 208, 288, 206, 254, 240, 220, 274]
Game 22
4902
7407
7394
7582
9238
5347
6262
3345
4666
2854
6485
7708
6290
7272
6854
7237
7354
7216
6799
7026
7009
6562
6354
5844
5660
9248
9564
0
['s', 43, 's', 'w', 23, 91, 161, 87, 27, 35, 'w', 119, 131, 'd', 207, 'w', 149, 97, 'a', 3, 217, 253, 179, 151, 197, 201, 157, 248, 74, 246, 72, 212, 70, 178, 36, 176, 2, 174, 0, 172, 34, 138, 68, 140, 102, 106, 104, 102.0, 106, 68.0, 140, 34.0, 138, 0.0]
Game 23
4972
3833
5625
3684
3936
3972
3485
3531
5234
3889
6174
4246
5699
6901
6303
6244
5884
5786
5572
5654
4233
3911
5203
6152
7045
7053
0
[127, 'w', 's', 259, 21, 'd', 131, 57, 99, 'w', 'a', 39, 123, 167, 85, 9, 149, 187, 141, 245, 177, 207, 213, 181, 'd', 27, 8, 180, 6, 146, 4, 144, 2, 142, 36, 176, 70, 210, 72, 208, 106, 174, 104, 140, 138, 136.0, 172, 102.0, 174, 104.0, 208, 106.0, 210, 72.0, 176, 38.0, 142, 36.0, 144, 2.0]
Game 24
4860
7227
8020
8615
9628
10327
11824
6001
10036
6984
7472
6134
8927
7572
9180
7565
7794
5425
7201
2223
7677
8660
8053
7629
7204
11187
12206
9717
13332
5998
7370
7495
7724
1
['s', 253, 's', 'w', 's', 'w', 93, 263, 23, 159, 'd', 'd', 97, 231, 'd', 235, 's', 179, 'a', 109, 1, 57, 239, 185, 3, 165, 27, 'w', 31, 'w', 39, 'd', 83, 148, 150.0, 152.0, 118.0, 84.0, 50.0, 48.0, 46.0, 82.0, 80.0, 78.0, 76.0, 74.0, 108.0, 142.0, 140.0, 108.0, 174.0, 106.0, 208.0, 72.0, 242.0, 38.0, 276.0]
Game 25
5002
7426
8025
7965
8288
9005
10926
10540
13520
15610
15048
10783
12420
12066
11752
9520
10032
8422
8509
6834
6904
6904
6577
5194
5570
5111
6184
4948
10618
14047
18498
18923
20622
21075
29861
27912
1
['s', 153, 's', 'w', 's', 'w', 's', 'w', 's', 261, 163, 213, 159, 257, 123, 231, 129, 211, 29, 'a', 175, 235, 183, 207, 105, 's', 57, 's', 77, 23, 'w', 'a', 'a', 'w', 's', 239, 244, 174, 242, 140, 208, 142, 174, 144, 172, 110, 206, 76, 204, 74, 238, 72, 272]
