Game 1
10535
13385
13054
13676
13591
14661
15462
15928
18068
18007
16472
15663
14725
17985
13319
14127
13086
12237
11086
11120
10774
10537
10097
9448
8765
13165
21781
21885
20689
33544
18733
35591
35968
52174
53074
0
['s', 157, 's', 'w', 's', 'w', 's', 'w', 's', 227, 23, 213, 'a', 175, 'w', 145, 93, 143, 's', 163, 75, 187, 97, 167, 1, 51, 3, 'w', 5, 's', 9, 'w', 11, 'w', 13, 112, 212, 114, 178, 116, 144, 118, 110, 84, 112, 50, 114, 16]
Game 2
10793
7571
7310
9490
10347
10202
11479
9441
10877
9206
10395
9031
9893
11570
9792
9886
9867
9415
9119
8605
8389
8755
9013
16054
19042
20663
0
[125, 231, 61, 'a', 's', 'w', 121, 77, 85, 'w', 29, 167, 's', 103, 'w', 47, 131, 219, 197, 139, 145, 247, 177, 269, 245, 25, 40, 176, 6, 142, 8, 144, 10, 178, 12, 212, 14, 214, 16, 216, 50, 218, 84, 184, 118, 182, 152, 148, 150, 152.0, 148, 118.0, 182, 84.0, 184, 50.0, 218, 16.0]
Game 3
11782
13092
14337
14716
15173
15814
16216
16445
18760
18312
16889
16115
15078
14611
15754
13572
13144
10999
10292
8994
7987
10195
7468
6954
6717
9615
15488
14500
15390
15920
17404
1
['s', 15, 's', 'w', 's', 'w', 's', 'w', 's', 227, 127, 179, 159, 223, 155, 255, 119, 241, 123, 163, 'wa', 115, 23, 53, 27, 5, 65, 'a', 13, 'a', 79, 170, 174, 136, 172, 138, 170, 140, 136, 142, 138, 144, 140, 146, 142, 148, 144, 114, 146, 80, 148, 46, 114, 44, 80, 78, 82, 76, 116, 74, 150, 72, 184, 70, 218, 68, 252, 34, 286]
Game 4
10752
13856
13968
14769
14997
15566
16312
16311
10953
14294
16594
16064
14809
15531
13789
14415
13820
17018
10503
10377
9958
9764
10510
10517
9509
9173
9063
16674
22346
20838
17445
10889
21733
24075
25989
27092
28678
1
['s', 151, 's', 'w', 's', 'w', 's', 263, 59, 'w', 's', 211, 'd', 215, 23, 'd', 63, 199, 'a', 143, 'w', 125, 'd', 165, 79, 13, 31, 133, 55, 'w', 71, 'w', 139, 'a', 207, 'a', 17, 106, 180, 140, 146, 174, 112, 208, 110, 242, 108, 276, 106, 274, 140, 240, 174, 206, 208, 172, 242, 138, 276]
Game 5
11385
13981
12914
13625
14828
14758
15899
11304
6271
12646
6647
11760
10031
11719
12165
12270
12015
13239
10712
11496
11702
10157
9144
7664
7102
6880
8000
9043
16016
19423
19567
1
['s', 231, 's', 'w', 's', 'w', 's', 227, 195, 259, 123, 'd', 199, 223, 's', 'a', 'a', 175, 177, 255, 219, 151, 133, 263, 31, 103, 153, 1, 187, 'd', 55, 216, 142, 218, 140, 252, 174, 250, 208, 248, 206, 246, 204, 244, 238, 242, 240, 238.0, 242, 204.0, 244, 206.0, 246, 208.0, 248, 174.0, 250, 140.0, 284]
