Game 1
11269
7463
6854
8020
7271
9183
9695
9769
9949
10062
9661
10375
10239
10600
9807
9923
10054
9897
9199
8916
7874
8008
14274
15126
15671
17570
20811
22943
24914
25649
0
[125, 197, 263, 155, 159, 'd', 249, 'a', 's', 147, 's', 'a', 193, 201, 17, 'w', 209, 75, 47, 77, 15, 's', 259, 7, 'w', 95, 'w', 133, 'd', 11, 44, 276, 78, 274, 80, 240, 46, 206, 12, 172, 14, 170, 48, 136, 82, 102, 116, 68, 114, 34, 112, 36, 146, 38, 180, 4]
Game 2
11092
13094
9659
9473
8223
7407
6921
10374
11407
10258
10753
9299
10344
10391
10300
13429
9673
10512
10385
9029
8945
8337
7317
6572
6348
8274
15290
16079
16166
1
['s', 'w', 23, 159, 27, 197, 121, 'w', 31, 'w', 'd', 95, 's', 99, 'a', 91, 'a', 73, 177, 57, 17, 61, 229, 187, 145, 205, 247, 's', 217, 214, 76, 216, 78, 250, 80, 284, 82, 286, 48, 252, 46, 218, 44, 184, 42, 150, 40, 116, 38, 114, 72, 112, 106, 110, 104, 144, 102, 142, 136, 140, 170, 138, 172, 136, 174, 102, 208, 68, 242, 34, 276]
Game 3
10831
13458
13476
12377
11293
12440
11537
10859
11764
10611
10855
11074
10944
10958
10094
9516
9300
8721
8319
7956
7723
11429
23357
23989
28260
32399
34947
0
['s', 103, 25, 161, 's', 'w', 89, 93, 29, 45, 'a', 85, 'w', 21, 117, 153, 217, 141, 187, 177, 165, 201, 247, 'w', 223, 'w', 1, 180, 38, 182, 36, 184, 2, 186, 4, 152, 6, 118, 8, 84, 10, 50, 12, 16]
Game 4
11517
13316
11861
12599
13944
13171
13643
9848
11698
10278
11757
11555
11922
12451
11021
13533
11748
12896
10019
12347
9347
8514
9441
8727
8009
7692
7521
11494
19763
19735
20146
21012
23062
0
['s', 159, 'd', 'w', 's', 'd', 197, 95, 29, 45, 'a', 'a', 's', 'a', 155, 111, 17, 103, 'w', 85, 'd', 201, 225, 25, 3, 125, 5, 173, 35, 'a', 41, 'd', 47, 246, 76, 212, 110, 178, 108, 180, 74, 146, 40, 112, 6, 114, 8, 116, 10, 82, 12, 48, 14, 50, 16, 16]
Game 5
11118
13542
13659
14424
14689
15160
15867
16511
18380
18036
16505
15785
15149
13701
12708
12248
11635
11361
10848
10453
9988
9811
9374
9245
8885
14644
60200
65743
66256
58629
64076
80386
80777
1
['s', 97, 's', 'w', 's', 'w', 's', 'w', 's', 229, 159, 177, 163, 215, 167, 239, 117, 1, 153, 3, 219, 5, 47, 7, 27, 145, 'd', 's', 'w', 'w', 189, 's', 199, 214, 182, 180, 184, 182, 186, 184, 220, 186, 254, 220, 288]
