Game 1
10774
13615
13551
14054
14655
14959
15934
15430
17507
18176
16657
16047
15979
16871
11794
11418
11103
10157
9971
8245
8789
7420
7225
6503
6331
9251
17096
79517
79406
15196
15181
14328
14629
1
['s', 187, 's', 'w', 's', 'w', 's', 'w', 's', 227, 7, 179, 159, 209, 155, 191, 17, 253, 21, 107, 75, 111, 59, 95, 13, 3, 63, 'sa', 'w', 'd', 'a', 'a', 83, 212, 174, 178, 172, 176, 170, 174, 136, 172, 102, 170, 68, 136, 70, 102, 72, 68, 74, 70, 108, 72, 142, 74, 144, 108, 110, 142, 76, 144, 78, 110, 80, 76, 82, 78, 116, 80, 150, 82, 184, 116, 218, 150, 252, 152, 286]
Game 2
10900
13358
14352
14542
15107
15415
15995
16190
10913
13164
13354
12970
12217
11510
11181
12115
9389
8352
7665
8421
7477
8738
7911
9926
14782
15705
16318
18126
18680
19133
19785
1
['s', 71, 's', 'w', 's', 'w', 's', 261, 193, 145, 59, 189, 213, 77, 51, 139, 257, 91, 123, 39, 3, 131, 'w', 269, 45, 'a', 31, 'a', 'a', 'a', 221, 208, 106, 242, 72, 240, 38, 238, 4, 272, 6, 274, 8, 276, 10, 278, 12, 280, 46, 282, 80, 248, 114, 214, 112, 180, 146, 112.0, 180, 114.0, 214, 80.0, 248, 46.0, 282]
Game 3
11105
7859
7649
9474
8615
8063
10115
7771
9911
6631
9928
8146
10170
8935
9002
8410
8480
8030
7829
7356
7109
12038
13990
13914
14609
14774
0
[127, 259, 21, 'd', 131, 25, 65, 'w', 'a', 3, 'd', 29, 17, 201, 123, 119, 77, 53, 213, 75, 197, 215, 193, 's', 'd', 225, 12, 280, 14, 246, 16, 212, 50, 210, 48, 208, 46, 174, 80, 140, 114, 142, 116, 144, 118, 146, 152, 148, 186, 150, 184, 152, 182, 118, 180, 84, 178, 82, 176, 80, 174, 46, 208, 48, 206, 50, 240, 16]
Game 4
11033
13274
12671
13504
13280
13103
14921
14497
15730
15610
17754
18039
16386
15183
15442
14434
13539
12654
12769
12335
11614
11209
10412
10053
9381
9282
8849
8958
8969
61615
77649
1
['s', 161, 's', 'w', 'a', 'w', 's', 'w', 's', 'a', 's', 227, 195, 209, 157, 263, 93, 'a', 153, 105, 233, 27, 69, 73, 13, 207, 1, 251, 113, 221, 253, 176, 174, 178, 208, 180, 242, 182, 276]
Game 5
10566
8251
7511
9559
8453
7273
9968
8003
9453
6508
9798
9338
9210
6970
8603
8131
8005
7492
7462
7320
6759
10090
10551
10561
10588
0
[127, 225, 55, 'd', 131, 25, 'a', 221, 's', 41, 65, 5, 229, 29, 265, 45, 99, 77, 'w', 81, 3, 17, 261, 'a', 251, 278, 8, 276, 10, 242, 12, 244, 14, 246, 16, 248, 50, 250, 48, 216, 46, 182, 80, 148, 114, 146, 112, 144, 78, 142, 44, 108, 42, 110, 76, 42.0, 110, 44.0, 108, 78.0, 142, 112.0, 176, 114.0, 210, 80.0, 212, 46.0, 214, 48.0, 216, 50.0, 218, 16.0]
