Game 1
11617
13147
13770
14219
14390
14554
15416
16010
17077
17940
16564
15170
14724
14139
14006
13890
12330
12042
11463
12298
12009
12911
11510
11064
11355
15330
11672
10714
19030
22432
20393
20578
43312
48812
48831
53911
56723
68612
72250
76698
76153
68272
71919
76585
75992
68278
71938
76425
75899
67657
72199
76200
75493
67444
72307
75990
75265
68248
72236
75667
74900
1
['s', 77, 's', 'w', 's', 'w', 's', 'w', 's', 261, 131, 213, 159, 'd', 127, 211, 91, 265, 'w', 'a', 'a', 257, 141, 221, 269, 189, 155, 63, 'a', 195, 'a', 'd', 145, 'a', 17, 's', 's', 'a', 'd', 's', 'a', 'w', 'd', 's', 'a', 'w', 'd', 's', 'a', 'w', 'd', 's', 'a', 'w', 'd', 's', 'a', 'w', 'd', 's', 13, 208, 210.0, 206, 244.0, 204, 242.0, 170, 240.0, 136, 238.0, 102, 272.0]
Game 2
10870
13084
13671
12212
11310
12532
12991
12801
12184
14028
11048
11114
9457
10177
12243
9976
8909
9372
8222
8983
7220
6884
9419
10021
10511
11226
11496
1
['s', 111, 23, 159, 's', 'w', 'd', 'd', 61, 163, 65, 167, 19, 155, 119, 187, 'a', 191, 123, 91, 1, 87, 51, 261, 195, 'w', 215, 248, 74, 282, 72, 284, 70, 250, 68, 216, 102, 182, 104, 180, 106, 178, 108, 176, 110, 174, 144, 172, 142, 170, 140, 136, 138, 140.0, 136, 142.0, 170, 144.0, 172, 110.0, 174, 108.0, 176, 106.0, 178, 104.0, 180, 102.0, 182, 68.0, 216, 70.0, 250, 72.0, 284]
Game 3
11295
13592
9521
7857
7079
7266
6041
10572
10224
10218
10512
10932
13902
10886
10495
11575
11355
10928
10129
9800
9558
9210
14062
22403
15269
19555
14723
15928
15704
19048
20842
22314
0
['s', 'w', 23, 159, 27, 263, 53, 'w', 31, 'w', 's', 'a', 175, 'd', 163, 'a', 89, 259, 17, 107, 269, 225, 219, 199, 'd', 195, 's', 255, 'a', 113, 'w', 85, 78, 178, 80, 180, 114, 182, 148, 184, 150, 116.0, 184, 82.0, 182, 48.0, 180, 46.0, 178, 44.0, 176, 42.0, 210, 40.0, 212, 38.0, 246, 4.0]
Game 4
10706
13627
11482
12560
11890
9236
9995
10382
9810
10738
10685
11567
11431
11330
11954
11924
11207
10905
10852
8646
8196
6770
7092
8590
6253
5809
5673
11856
13403
0
['s', 159, 'd', 'd', 265, 163, 251, 167, 'a', 'a', 'a', 'w', 'a', 'w', 175, 53, 211, 255, 65, 259, 195, 5, 199, 269, 189, 19, 15, 75, 231, 214, 36, 216, 34, 218, 68, 220, 102, 186, 136, 184, 170, 182, 204, 180, 238, 178, 240, 176, 242, 210, 244, 242, 210, 208, 176, 206, 178, 204, 180, 170, 182, 136, 184, 102, 186, 68, 220, 34, 218, 0]
Game 5
11054
13331
13495
14408
14701
14551
15946
16216
17558
17985
16661
15772
14920
14284
13699
12905
16006
12673
12663
11378
16027
9645
9819
9256
8515
8100
8212
8177
7934
7573
7413
7560
12399
72963
66255
65457
84297
84107
187611
182414
1
['s', 201, 's', 'w', 's', 'w', 's', 'w', 's', 261, 105, 265, 57, 211, 161, 269, 'wa', 257, 'a', 173, 221, 'a', 157, 149, 21, 'd', 175, 'd', 27, 'd', 1, 'w', 31, 'w', 's', 'a', 's', 111, 'a', 45, 238, 78, 272]
