Game 1
11147
13642
14148
14629
14381
14681
16205
16176
10621
14795
9458
13593
12256
12911
13038
15228
11247
10857
12358
10882
11771
10741
22482
10839
9973
9738
8690
7224
7046
14250
27968
33539
33628
1
['s', 107, 's', 'w', 's', 'w', 's', 261, 91, 265, 95, 159, 'd', 269, 's', 257, 55, 'w', 'a', 'a', 51, 'w', 41, 139, 77, 191, 177, 1, 127, 137, 59, 'w', 217, 104, 174, 138, 140, 172, 106, 206, 104, 240, 138, 242, 172, 244, 206, 246, 240, 212, 238, 178, 272]
Game 2
10898
13533
14173
12345
10915
8816
10856
6163
9539
9086
9904
8439
8178
7743
7967
6374
7195
7313
6980
10042
7334
9832
13951
15442
15810
16631
16815
17851
17979
19026
19219
20802
21503
22038
22643
23952
25200
35040
64792
106911
122713
1
['s', 7, 25, 59, 159, 63, 21, 133, 'd', 129, 17, 49, 163, 191, 177, 115, 'd', 221, 'w', 'a', 107, 245, 209, 'a', 'd', 'w', 'd', 'w', 's', 'a', 's', 'w', 's', 'w', 'a', 'w', 105, 's', 'w', 's', 45, 138, 80, 104, 114, 70, 112, 72, 78, 74, 76, 108, 74, 110, 72, 112, 106, 114, 140, 80, 174, 82, 172, 116, 206, 118, 208, 84, 242, 50, 276]
Game 3
10529
13493
13653
15031
14758
14769
16103
16438
18458
17997
16452
15574
15594
14439
14359
14026
13097
12719
11971
13432
12882
10652
13831
9961
8000
7684
7518
16437
27787
29573
30342
1
['s', 117, 's', 'w', 's', 'w', 's', 'w', 's', 227, 9, 213, 161, 'a', 157, 223, 17, 195, 'a', 171, 173, 199, 165, 269, 99, 3, 45, 5, 87, 'sa', 65, 174, 176, 178.0, 180.0, 182.0, 184.0, 186.0, 220.0, 254.0, 252.0, 250.0, 248.0, 284.0, 282.0]
Game 4
10740
7475
7939
9692
11378
9656
8707
7991
10519
9005
10435
8996
9920
9115
10096
9670
8855
8325
8938
8774
8377
8392
8347
13227
17516
12889
15295
16404
16406
17223
16609
18771
18934
19650
20179
1
[127, 157, 89, 'w', 's', 'd', 131, 93, 's', 37, 31, 43, 'a', 153, 51, 61, 'w', 167, 'd', 7, 'w', 255, 'd', 265, 231, 'd', 217, 'a', 227, 'd', 175, 'a', 's', 'a', 261, 244, 46, 242, 48, 276, 82, 278, 116, 280, 118, 282, 152, 284, 150, 286, 148, 252, 182, 218, 184, 182, 218, 148, 252, 150, 286]
Game 5
11102
13343
9043
8591
7530
7815
7715
9585
8403
9168
12431
9721
9894
8591
8473
8756
7462
7455
6954
7405
8366
6153
11191
13064
1
['s', 'w', 23, 159, 27, 163, 53, 57, 31, 'a', 17, 9, 'a', 85, 155, 221, 173, 235, 211, 231, 225, 91, 249, 77, 38, 278, 36, 280, 34, 246, 68, 212, 70, 178, 72, 180, 106, 182, 140, 184, 142, 150, 144, 148, 146, 144.0, 148, 110.0, 150, 108.0, 184, 106.0, 218, 72.0, 216, 70.0, 214, 68.0, 212, 34.0, 246, 36.0, 280]
