Game 1
11438
13431
14276
14893
15643
15225
16013
16477
18643
18289
16725
16348
15370
14872
14193
13873
12784
12026
17262
14780
10942
11969
9742
18181
9334
9066
8709
13401
22743
31601
26530
31412
26804
33262
35097
0
['s', 9, 's', 'w', 's', 'w', 's', 'w', 's', 227, 17, 213, 161, 223, 89, 197, 'wa', 'd', 165, 173, 'd', 201, 'a', 157, 3, 55, 5, 13, 7, 'a', 11, 's', 15, 'w', 35, 180, 178, 182, 180, 184, 182, 186, 184, 152, 186, 118, 152, 84, 150, 50, 148, 16]
Game 2
10940
14002
13840
14403
14662
14871
16193
16084
18133
17978
16521
15984
14705
14050
14206
13433
12502
16011
10501
9121
9425
9770
7112
6935
6635
9708
14586
16404
16756
18659
18867
0
['s', 223, 's', 'w', 's', 'w', 's', 'w', 's', 229, 23, 177, 161, 233, 165, 269, 'd', 251, 99, 105, 95, 157, 41, 27, 129, 103, 263, 'd', 1, 'sa', 3, 178, 180, 182.0, 184.0, 186.0, 152.0, 118.0, 116.0, 114.0, 112.0, 110.0, 108.0, 106.0, 74.0, 72.0, 70.0, 38.0, 104.0, 4.0]
Game 3
11425
13881
12491
12216
13822
13496
14633
10457
10092
11954
10251
11108
11560
11917
12815
12962
10243
12257
10685
9810
9926
9813
9758
9256
9066
9385
9011
8403
7923
7920
13112
16976
20993
18097
22375
18448
25305
18579
27172
19588
27804
20078
34802
28438
38990
40099
51456
48523
1
['s', 161, 'a', 'w', 's', 'w', 177, 191, 179, 187, 'd', 's', 'd', 'd', 'd', 97, 197, 235, 215, 's', 267, 'd', 31, 'd', 113, 83, 13, 'd', 73, 'w', 61, 69, 'd', 'a', 'w', 'a', 'd', 'w', 's', 'd', 's', 'w', 's', 185, 'a', 255, 'w', 149, 150, 116.0, 184, 150.0, 218, 152.0, 216, 118.0, 250, 84.0, 252, 50.0, 254, 48.0, 288]
Game 4
10904
13788
11767
11072
11561
8513
10374
9452
10295
9655
9090
9556
7994
7827
7371
7223
7151
6992
6762
6811
6367
6153
12283
13952
1
['s', 61, 261, 57, 243, 223, 31, 99, 265, 5, 'd', 95, 53, 163, 151, 'd', 17, 'd', 27, 91, 3, 171, 129, 153, 46, 286, 48, 252, 82, 218, 80, 184, 78, 150, 76, 116, 74, 114, 72, 112, 106, 110, 140, 108, 174, 106, 208, 72, 210, 74, 244, 76, 246, 78, 248, 80, 250, 82, 252, 48, 286]
Game 5
10707
13340
13996
14438
15091
14975
16279
16771
18709
18151
16508
15898
14847
14141
12540
12791
12234
11049
10918
9299
9503
8760
8466
8151
8010
7844
7817
26689
32878
1
['s', 35, 's', 'w', 's', 'w', 's', 'w', 's', 229, 23, 177, 161, 215, 165, 267, 183, 219, 133, 'd', 115, 3, 87, 5, 99, 9, 63, 11, 241, 182, 178, 216, 180, 250, 182, 252, 216, 218, 250, 184, 252, 186, 218, 220, 184, 254, 186, 288, 220, 286, 254, 284, 288]
