Game 1
10416
7666
7364
9737
11398
6277
10153
11020
11874
12750
13497
9440
10783
11469
9463
7531
10236
7180
9748
8010
9592
9867
9492
8858
12491
8428
8003
15096
17708
18414
18404
19275
19949
18538
17948
1
[125, 265, 95, 'w', 'a', 121, 'd', 'w', 's', 'w', 145, 229, 's', 's', 129, 269, 65, 69, 'w', 7, 's', 83, 17, 91, 61, 261, 47, 51, 195, 'a', 'a', 'd', 'a', 'a', 55, 212, 106, 214, 108, 216, 110, 182, 112, 148, 114, 150, 116, 82.0, 150, 116.0, 184, 114.0, 218, 112.0, 252, 110.0, 250, 108.0, 248, 106.0, 246, 72.0, 244, 74.0, 242, 76.0, 276]
Game 2
11222
13398
13621
15075
15512
15275
16173
16494
18220
18115
16449
15952
15178
14190
14540
13844
13262
12731
12052
11743
14845
12484
13829
9850
11360
6949
7607
27305
32908
1
['s', 49, 's', 'w', 's', 'w', 's', 'w', 's', 227, 119, 265, 159, 'd', 163, 261, 37, 209, 97, 269, 167, 193, 155, 197, 171, 257, 1, 5, 55, 178, 214, 176, 216, 174, 218, 208, 184, 242, 182, 240, 180, 238, 178, 204, 176, 170, 174, 136, 208, 138, 242, 140, 240, 106, 238, 104, 272]
Game 3
11026
13106
13770
14796
15126
14749
15958
16243
9847
18923
12649
12965
10355
13553
12476
11458
11859
8846
10885
10287
9963
7791
8012
7669
7356
10750
17208
17063
18144
14895
15619
15370
17175
1
['s', 251, 's', 'w', 's', 'w', 's', 227, 'd', 231, 159, 'd', 197, 235, 'a', 155, 'd', 145, 201, 129, 173, 77, 3, 97, 13, 261, 17, 'a', 21, 'a', 25, 'a', 45, 242, 148, 240, 150, 206, 116, 172, 114, 170, 112, 136, 78, 102, 44, 68, 42, 70, 76, 72, 110, 38, 144, 40, 142, 42, 140, 44, 138, 78, 136, 112, 170, 114, 204, 116, 238, 118, 272]
Game 4
11047
8299
7618
9673
11106
9698
11021
9203
9638
12032
12625
11257
12926
11250
10560
12073
11209
13753
11399
13237
11509
11338
10897
10723
9368
8933
8633
8204
7917
7687
16638
52305
82101
83755
0
[125, 231, 27, 'w', 's', 'w', 's', 'd', 23, 'w', 31, 'w', 19, 'w', 's', 'a', 'a', 121, 'a', 187, 55, 137, 'd', 75, 1, 251, 9, 245, 13, 249, 45, 111, 'a', 49, 70, 74, 36, 72, 38, 70, 40, 68, 42, 34, 76, 0]
Game 5
10778
13425
13134
14611
14774
15117
16442
16274
18178
18218
16635
16160
14939
14392
14331
14097
12676
12039
11763
11405
10906
10593
10144
9830
9392
8973
8793
43295
58133
1
['s', 17, 's', 'w', 's', 'w', 's', 'w', 's', 229, 35, 211, 159, 'd', 163, 179, 167, 3, 9, 5, 133, 7, 263, 11, 109, 13, 225, 15, 99, 214, 178, 216, 176, 250, 210, 284, 208, 282, 206, 280, 240, 278, 274]
