Game 1
11469
13485
13143
14406
14716
15067
15914
16255
10368
14194
9040
12698
12334
12400
12412
12004
11495
11669
10757
14858
10059
10752
10030
9359
14002
9132
11100
7730
7448
10779
15213
15393
16014
16577
16702
1
['s', 19, 's', 'w', 's', 'w', 's', 229, 195, 259, 91, 'd', 181, 'a', 5, 223, 's', 143, 'w', 113, 'w', 125, 191, 'a', 209, 187, 'd', 95, 27, 205, 31, 's', 23, 'd', 37, 248, 110, 250, 108, 216, 106, 182, 72, 148, 74, 114, 76, 116, 78, 82, 80, 78.0, 82, 76.0, 116, 74.0, 150, 72.0, 184, 106.0, 218, 104.0, 252, 70.0, 286]
Game 2
11150
12891
9342
9388
7465
8839
8275
8082
8056
9650
9960
10025
9828
10147
10256
10936
11529
11025
10860
10774
9881
12262
12903
8347
7734
7616
10858
17160
19903
19971
22207
23197
24490
26162
0
['s', 'w', 25, 161, 21, 157, 29, 165, 51, 221, 's', 'w', 's', 'w', 's', 'd', 181, 'a', 87, 117, 17, 105, 65, 269, 171, 265, 61, 225, 'w', 'a', 'w', 'a', 'd', 213, 76, 172, 74, 138, 72, 104, 70, 102, 68, 70, 102, 72, 136, 38, 138, 40, 172, 42, 206, 44, 208, 46, 210, 48, 212, 50, 246, 16]
Game 3
10818
13845
13834
14270
14844
15078
16148
16201
18562
18013
16573
15780
14433
22817
11713
15088
11527
12924
9069
14931
9191
8688
8357
7929
7734
10755
18196
22588
22661
30209
30629
0
['s', 117, 's', 'w', 's', 'w', 's', 'w', 's', 229, 125, 211, 95, 179, 161, 259, 141, 255, 'wa', 111, 1, 57, 3, 183, 5, 45, 7, 's', 9, 'w', 13, 210, 244.0, 208, 210.0, 174, 208.0, 140, 174.0, 106, 140.0, 72, 106.0, 38, 72.0, 4]
Game 4
10856
13680
9614
8989
7311
7623
10507
8469
10005
12600
11543
11318
10898
10800
10583
10042
9666
9109
8836
8419
7991
11930
27356
33256
33793
0
['s', 'w', 23, 159, 61, 57, 19, 39, 'd', 11, 235, 251, 'w', 221, 13, 35, 81, 263, 149, 31, 91, 185, 197, 'a', 175, 242, 8, 208, 6, 174, 4, 140, 2, 106, 0, 104, 34, 102, 68, 34.0, 102, 0.0]
Game 5
11282
13355
9302
8319
6851
8583
7333
8234
7511
9349
9437
9818
10123
8975
5962
10128
9548
9269
8964
9154
8375
8209
11843
19501
20506
22426
23990
24001
26645
26739
0
['s', 'w', 25, 161, 55, 157, 29, 165, 119, 255, 's', 'w', 99, 'w', 175, 269, 95, 'd', 21, 223, 45, 91, 107, 35, 'a', 87, 'a', 'a', 'a', 211, 36, 176, 2, 210, 0, 244, 34, 242, 68, 240, 102, 238, 104, 204, 106, 170, 140, 136, 138, 140.0, 172, 106.0, 206, 104.0, 204, 102.0, 238, 68.0, 240, 34.0, 242, 0.0]
