Game 1
11425
7784
6776
7474
9312
9366
9220
8946
9410
9145
8509
8126
8447
6998
7102
6345
5386
6759
7302
7566
8227
8205
1
[125, 197, 145, 223, 53, 'd', 201, 259, 263, 255, 267, 73, 17, 7, 21, 59, 245, 63, 31, 45, 'd', 117, 12, 284, 46, 286, 48, 288, 50, 254, 84, 220, 82, 218, 116, 216, 114, 214, 112, 212, 78, 178, 76, 144, 74, 142, 40, 140, 38, 106, 36, 72, 34, 70, 68, 34, 102, 36, 136, 38, 170, 40, 204, 74, 206, 108, 208, 110, 210, 112, 212, 114, 246, 80, 248, 82, 250, 84, 252, 50, 254, 48, 288]
Game 2
10989
13930
13271
14171
14909
15002
15821
16634
10789
14270
9883
16250
12155
13835
12286
15352
11284
11722
10092
10097
9580
8978
8637
13489
26762
29143
26975
31477
26765
27012
28286
132070
124530
0
['s', 221, 's', 'w', 's', 'w', 's', 229, 57, 225, 'd', 233, 'd', 269, 61, 265, 53, 261, 'd', 257, 69, 129, 13, 27, 3, 'a', 79, 'a', 17, 'd', 177, 'w', 157, 174, 184, 172, 218, 138, 220, 140, 254, 142, 252, 144, 250, 146, 248, 148, 246, 150, 244, 116, 242, 82, 240, 48, 238, 14]
Game 3
11205
13881
13635
13831
9471
11441
12125
12899
12698
12834
12643
12766
12907
12503
12461
12325
11521
11057
10551
10099
9505
9156
8127
8416
7355
7396
12010
18662
22344
1
['s', 225, 's', 195, 23, 'd', 's', 'd', 267, 177, 'd', 'a', 263, 'd', 31, 53, 111, 207, 117, 163, 27, 115, 'd', 99, 153, 79, 181, 93, 47, 282, 80, 280, 46, 278, 44, 276, 78, 274, 76, 240, 74, 206, 108, 172, 142, 174, 176, 140, 174, 106, 172, 72, 206, 70, 240, 68, 274]
Game 4
11531
13428
13462
13282
14622
11523
9840
11391
8218
11443
11427
11542
11293
11436
10476
11578
10022
13887
9585
10239
8161
9378
8449
7832
7665
11422
18863
17468
18320
19910
19825
0
['s', 265, 's', 'w', 57, 193, 213, 'a', 209, 's', 155, 125, 's', 77, 'a', 107, 'w', 221, 51, 173, 'a', 39, 245, 269, 235, 197, 257, 'a', 25, 'a', 71, 272, 38, 238, 4, 240, 6, 242, 40, 208, 42, 174, 44, 176, 78, 142, 112, 144, 146, 148.0, 180, 114.0, 178, 80.0, 176, 46.0, 174, 12.0]
Game 5
10851
13811
13424
14489
14852
15077
16239
15938
18206
18076
16513
15566
16427
12994
11849
13655
12723
20457
12986
11896
12601
11712
8274
7896
7526
7214
6947
13536
20882
22117
24628
23058
23211
1
['s', 175, 's', 'w', 's', 'w', 's', 'w', 's', 229, 61, 225, 91, 181, 'w', 'w', 'd', 113, 77, 155, 107, 233, 65, 1, 189, 3, 239, 5, 71, 'a', 193, 's', 41, 144, 112, 146, 78, 112, 80, 78, 114, 80, 148, 114, 182, 148, 216, 182, 218, 216, 220, 218, 254, 220, 288]
