Game 1
11160
13792
12156
13368
13231
14462
12262
13752
13560
14105
14066
13288
13582
13750
12903
12347
11817
12140
9007
9306
11518
8156
7608
7303
7490
10074
11316
11517
13222
13714
13796
14819
15074
16385
16492
18149
17829
0
['s', 161, 's', 'w', 's', 'a', 225, 'a', 241, 147, 9, 'd', 'a', 261, 211, 79, 255, 195, 27, 77, 31, 41, 53, 109, 63, 89, 'a', 3, 'a', 'a', 'w', 's', 'd', 'd', 'd', 'd', 231, 282, 40, 248, 6, 250, 8, 252, 42, 218, 76, 184, 110, 150, 144, 116, 146, 82, 112, 84, 78, 50, 44, 48, 46, 44.0, 48, 78.0, 50, 112.0, 84, 146.0, 118, 144.0, 152, 110.0, 186, 76.0, 220, 42.0, 254, 8.0]
Game 2
11040
8295
7723
9213
8628
7990
10245
8145
9583
6984
9827
7938
9707
9072
8246
7728
7947
7485
8921
10317
10664
11833
12463
12648
0
[127, 225, 21, 'd', 131, 25, 99, 'w', 'a', 3, 53, 29, 229, 147, 119, 81, 41, 245, 233, 221, 71, 195, 'd', 269, 10, 250, 12, 252, 14, 254, 16, 220, 50, 218, 48, 216, 46, 214, 80, 212, 114, 210, 112, 176, 110, 142, 108, 74.0, 142, 108.0, 176, 110.0, 210, 76.0, 212, 42.0, 214, 44.0, 216, 46.0, 218, 48.0, 220, 50.0, 254, 16.0]
Game 3
11526
13946
14307
14512
15032
15031
16233
16407
18410
18280
16742
15938
15571
14275
16971
12118
13860
10110
9701
9457
9020
8687
8414
7986
7764
11055
35937
46527
46696
1
['s', 133, 's', 'w', 's', 'w', 's', 'w', 's', 229, 23, 177, 161, 233, 165, 269, 115, 1, 109, 3, 85, 5, 79, 9, 139, 11, 119, 'd', 47, 214, 216.0, 218.0, 220.0, 254.0, 252.0, 250.0, 248.0, 246.0, 282.0]
Game 4
10272
13273
13397
13469
14616
14868
6156
12345
10207
11844
11886
11212
9932
11175
10764
10352
9975
9446
8899
8662
8377
8238
8134
24573
33507
1
['s', 259, 's', 'w', 's', 263, 227, 267, 27, 223, 213, 'a', 239, 23, 19, 1, 167, 59, 143, 5, 171, 9, 15, 13, 233, 242, 144, 240, 178, 274, 180, 276, 214, 278, 248, 280, 250, 282, 252, 284, 254, 286, 288]
Game 5
11122
13069
13405
14037
14742
15194
15976
15914
18327
18006
16448
15776
14770
14189
13604
18418
11176
11855
13206
12113
11000
10481
10102
14257
14574
21809
15467
15187
14952
29133
29586
37376
37213
41250
41322
45093
44898
51166
51746
107809
101273
0
['s', 131, 's', 'w', 's', 'w', 's', 'w', 's', 227, 153, 231, 127, 177, 123, 181, 'w', 189, 'a', 157, 105, 165, 99, 201, 61, 145, 57, 's', 95, 'd', 53, 'w', 'd', 'w', 's', 'd', 's', 'd', 'd', 'd', 65, 118, 180, 116, 146, 114, 148, 112, 150, 110, 152, 76, 186, 74, 184, 72, 182, 70, 216, 68, 218, 34, 252, 0]
