Game 1
11187
13659
14041
14589
15547
15056
16354
15807
19181
18287
16955
16652
15424
14479
13793
13703
20807
14440
15181
12307
11382
11253
10732
10069
9520
14865
25734
24329
24615
9930
10179
11098
8188
15155
20458
23616
24944
1
['s', 7, 's', 'w', 's', 'w', 's', 'w', 's', 261, 239, 213, 161, 209, 'wa', 141, 'd', 197, 'd', 201, 'a', 105, 91, 177, 43, 253, 31, 'd', 27, 'w', 87, 'w', 109, 's', 21, 's', 17, 178.0, 212, 246.0, 244, 210.0, 176.0, 142.0, 108.0, 106.0, 140.0, 174.0, 208.0, 172.0, 242.0, 138.0, 276.0]
Game 2
11352
13408
14022
14631
15289
12733
12407
13808
13420
14197
14576
13859
12061
12048
11197
10500
10179
9510
8930
7690
10584
8212
7389
6735
10600
11562
14008
1
['s', 45, 's', 'w', 59, 161, 's', 'w', 'a', 'a', 89, 157, 85, 153, 63, 113, 3, 179, 227, 167, 209, 265, 223, 269, 31, 149, 191, 212, 110, 178, 76, 176, 74, 174, 40, 172, 6, 206, 8, 204, 10, 238, 12, 272, 46, 274, 48, 276, 50, 278, 84, 244, 118, 246, 116, 248, 114, 214, 148, 180, 182, 148, 216, 114, 250, 80, 248, 82, 246, 84, 280]
Game 3
11104
13826
14001
14395
14513
15080
15896
16240
10072
14764
15969
15802
14832
13826
15866
12995
12532
9586
9248
8823
8458
7735
7448
6685
6870
9476
10721
10710
10724
1
['s', 113, 's', 'w', 's', 'w', 's', 229, 125, 'w', 's', 177, 161, 233, 165, 269, 151, 251, 75, 105, 65, 23, 61, 93, 39, 81, 9, 'd', 87, 214, 216.0, 218.0, 220.0, 186.0, 152.0, 118.0, 84.0, 116.0, 118.0, 150.0, 116.0, 148.0, 150.0, 114.0, 148.0, 80.0, 114.0, 78.0, 80.0, 76.0, 78.0, 42.0, 76.0, 40.0, 42.0, 74.0, 40.0, 108.0, 74.0, 106.0, 108.0, 140.0, 106.0, 174.0, 140.0, 172.0, 174.0, 138.0, 208.0, 104.0, 242.0, 102.0, 276.0]
Game 4
10573
13570
13218
13493
14417
12775
12247
11268
11053
10715
10723
10862
11545
12006
11732
11566
11385
10918
10560
10513
9856
9916
9517
9086
12408
8690
15474
20726
22745
23500
0
['s', 197, 's', 'w', 59, 261, 227, 91, 209, 39, 'd', 'd', 's', 'd', 217, 's', 69, 'd', 235, 161, 1, 109, 87, 113, 11, 165, 51, 117, 's', 49, 112, 284, 78, 250, 80, 216, 46, 214, 12, 212, 14, 178, 16, 180, 50, 182, 84, 184, 118, 186, 152, 118.0, 186, 84.0, 184, 50.0, 182, 16.0]
Game 5
10842
13521
13013
13429
14331
14318
15965
11194
6078
12574
12041
11741
10740
11276
9814
11684
11002
11225
8995
16324
9349
8641
9709
7993
7149
10561
7622
11777
7771
21011
19486
0
['s', 225, 's', 'w', 's', 'w', 's', 229, 193, 145, 93, 143, 'w', 'd', 29, 233, 163, 221, 'd', 167, 89, 197, 85, 219, 79, 'a', 11, 'a', 141, 121, 137, 208, 110, 206, 108, 204, 106, 170, 104, 136, 102, 104, 136, 106, 170, 108, 204, 110, 206, 112, 208, 146, 210, 148, 212, 114, 214, 80, 216, 46, 218, 48, 184, 50, 186, 16]
Game 6
11088
8249
11470
11116
11137
11578
9336
10205
9719
10064
9058
9975
8434
6397
8600
6284
9073
8704
8264
8107
7952
8384
7335
6842
6516
9571
16799
18350
18960
0
[127, 'a', 157, 'w', 's', 'a', 153, 231, 55, 263, 'd', 235, 'd', 131, 59, 79, 17, 259, 'd', 213, 's', 145, 13, 21, 167, 119, 15, 'w', 25, 174, 80, 176, 46, 178, 44, 144, 42, 142, 40, 108, 38, 74, 36, 72, 70, 68.0, 104, 34.0, 106, 36.0, 140, 38.0, 142, 40.0, 144, 42.0, 178, 44.0, 212, 46.0, 246, 12.0]
Game 7
11009
13475
13855
14372
14830
15261
16307
16345
18635
18171
16622
15837
15064
14495
14283
13088
12807
9768
9488
8423
8508
7009
7170
6453
7837
10945
11913
11650
11628
1
['s', 217, 's', 'w', 's', 'w', 's', 'w', 's', 227, 23, 179, 159, 223, 155, 255, 137, 241, 51, 31, 55, 109, 59, 163, 79, 115, 63, 'sa', 27, 208, 210, 206, 208, 204, 206, 170, 204, 136, 170, 102, 136, 68, 102, 70, 68, 72, 70, 74, 72, 76, 74, 110, 76, 144, 110, 146, 144, 148, 146, 114, 148, 80, 114, 82, 80, 84, 82, 50, 116, 48, 150, 46, 184, 44, 218, 42, 252, 40, 286]
Game 8
11358
13022
14261
8782
6771
11135
12473
11819
13690
11911
11541
9089
10088
9873
14757
10840
10209
10261
9497
9312
9124
8782
8214
7962
11411
10666
21852
22172
27865
28129
1
['s', 17, 125, 'd', 61, 'w', 's', 'w', 's', 111, 57, 107, 65, 'w', 53, 93, 179, 87, 7, 'w', 39, 265, 117, 97, 161, 103, 'a', 149, 'w', 201, 76, 148, 78, 182, 80, 216, 82, 250, 84, 248, 118, 246, 152, 212, 186, 178, 184, 176, 150, 174, 116, 172, 114, 170, 148, 136, 182, 102, 216, 68, 250, 34, 252, 36, 286]
Game 9
11139
13742
13654
14540
14834
15039
16162
16025
18350
17978
17685
17190
15450
15277
16534
13147
12791
10781
11513
10905
10295
9620
9147
9047
8782
8901
8284
12478
18150
18468
27879
28829
27912
34727
36729
0
['s', 81, 's', 'w', 's', 'w', 's', 'w', 's', 'w', 221, 229, 57, 225, 'd', 181, 61, 161, 29, 93, 53, 23, 'w', 19, 'a', 111, 71, 75, 15, 'a', 35, 'w', 39, 'a', 43, 140, 176, 138, 142, 104, 140, 102, 138, 68, 104, 34, 102, 0]
Game 10
11463
7663
7875
8153
8300
11094
8885
11132
10435
11830
11488
12400
12369
11953
12790
11526
11585
11400
12090
12059
12068
11984
12445
11523
10888
10137
8696
8504
11628
10110
10997
10517
10795
8674
13644
16197
16928
17576
0
[127, 191, 261, 267, 's', 'd', 's', 'w', 's', 'w', 'a', 'w', 147, 'w', 145, 's', 95, 's', 's', 'd', 65, 'w', 165, 143, 185, 187, 47, 75, 233, 89, 'a', 59, 'a', 37, 'w', 5, 'w', 223, 36, 216, 2, 214, 4, 248, 38, 250, 72, 252, 74, 254, 40, 220, 42, 186, 44, 152, 46, 118, 80, 116, 78, 114, 76, 112, 110, 76, 112, 78, 114, 80, 148, 46, 150, 12]
