Game 1
11581
14272
13744
14560
15173
15064
16366
16338
11473
14298
13290
19038
12587
12880
13316
11189
11417
10281
9172
8538
8003
7343
7110
13586
15443
17832
18485
19012
20163
20466
21160
1
['s', 143, 's', 'w', 's', 'w', 's', 229, 127, 195, 's', 233, 'd', 181, 191, 269, 187, 265, 225, 115, 99, 49, 51, 261, 1, 'a', 55, 'a', 63, 'a', 19, 240, 146, 242, 148, 244, 182, 246, 216, 248, 218, 250, 220, 252, 254, 220, 252, 186, 250, 184, 248, 182, 246, 148, 244, 114, 242, 80, 276]
Game 2
10553
13552
13225
14591
14770
15121
16078
17352
10401
18709
10456
13424
13177
12991
9542
11409
13772
11855
11285
11549
9605
9437
8840
10107
7481
13397
14261
14923
15547
16340
16289
17039
17470
18753
18862
21346
21418
22970
23361
25174
25177
23566
22958
23170
24839
26914
29242
30792
31699
34240
35543
1
['s', 183, 's', 'w', 's', 'w', 's', 229, 'a', 191, 195, 221, 'd', 147, 215, 'a', 209, 141, 59, 127, 261, 109, 63, 173, 31, 41, 27, 's', 's', 'd', 'a', 'd', 'w', 's', 'w', 'd', 'w', 'w', 'w', 'd', 'w', 'w', 'd', 's', 's', 'a', 'd', 'd', 133, 'a', 165, 252, 46, 218, 48, 184, 50, 186, 84, 152, 118, 150, 116, 148, 114, 80.0, 148, 82.0, 150, 84.0, 152, 50.0, 186, 48.0, 220, 46.0, 254, 44.0, 288]
Game 3
11071
13779
14025
14774
15629
15238
16179
16350
10563
14950
16220
16095
14778
14391
13427
14374
13063
15272
10507
15344
10365
9892
9444
8874
8615
7617
8731
9276
7340
9960
16723
17348
17256
0
['s', 7, 's', 'w', 's', 'w', 's', 229, 127, 'w', 's', 211, 159, 181, 'wa', 259, 121, 255, 'd', 113, 155, 47, 55, 's', 179, 'w', 51, 95, 59, 27, 171, 'a', 207, 174, 146, 172, 144, 206, 142, 240, 108, 238, 74, 204, 76, 170, 78, 136, 80, 102, 46, 68, 44, 70, 42, 72, 8, 74, 10, 76, 12, 78, 14, 80, 48, 46, 82, 44, 116, 42, 150, 8]
Game 4
10739
13844
9935
8471
7509
7479
6773
10689
11148
11046
11345
11127
10238
10767
9465
10349
10597
10559
9741
9365
9081
8942
13790
27227
23085
22126
24947
30265
35122
37920
0
['s', 'w', 23, 159, 27, 231, 53, 'w', 's', 'd', 31, 'w', 39, 'w', 17, 61, 107, 71, 221, 115, 9, 13, 129, 235, 'd', 97, 'd', 227, 'd', 259, 80, 180, 78, 178, 112, 176, 110, 174, 144, 140, 146, 138, 180, 104, 214, 70, 212, 68, 210, 34, 208, 36, 242, 38, 240, 4]
Game 5
10749
13631
9733
9182
8351
7454
6529
10771
9840
11342
10749
11661
17001
12791
11965
12623
12721
11651
11613
11353
10066
9636
8987
8446
13153
20340
21402
19006
20298
17443
20013
17545
19078
17728
20180
20326
20534
21255
24024
22822
1
['s', 'w', 23, 159, 27, 263, 19, 'w', 's', 'w', 's', 'd', 31, 'a', 177, 'd', 37, 'w', 107, 111, 75, 163, 39, 1, 173, 79, 's', 59, 'a', 'd', 'w', 'a', 'w', 97, 'w', 'w', 'd', 181, 'a', 49, 74, 146, 108, 148, 142, 150, 144, 184, 110, 218, 76, 252, 78, 250, 112, 248, 146, 246, 148, 244, 150, 210, 184, 176, 218, 174, 252, 140, 286]
Game 6
11070
8330
7702
9285
8078
7227
10161
8682
9422
9087
9145
9892
8492
9131
7693
7951
7766
8065
9912
7991
8045
8133
8037
8459
8512
9094
8492
9285
9257
10057
10163
10696
11880
9934
12931
9578
13904
13247
12581
19950
21468
22062
25136
26167
0
[127, 225, 89, 'd', 131, 23, 65, 'a', 'a', 5, 229, 269, 243, 27, 'd', 'd', 'd', 'w', 215, 's', 'd', 'd', 'd', 'w', 's', 'w', 'a', 'w', 's', 'w', 's', 'a', 145, 'd', 151, 75, 195, 265, 'a', 37, 'w', 59, 'd', 99, 46, 182, 44, 216, 42, 218, 40, 220, 74, 186, 72, 152, 38, 118, 4, 116, 2, 114, 36, 80, 70, 46, 104, 48, 138, 14]
Game 7
11808
7723
7192
7873
8526
10795
9905
10997
10840
9974
10208
9039
9302
9885
6233
8860
8715
9568
9585
9620
13667
21257
21099
24415
20730
19767
14221
13952
15355
15716
17077
17909
21768
22121
0
[127, 191, 261, 199, 61, 'd', 's', 'w', 229, 'd', 31, 'w', 181, 255, 217, 's', 247, 's', 1, 'd', 47, 41, 's', 93, 'w', 25, 'd', 79, 'd', 187, 'w', 177, 'a', 55, 8, 252, 6, 218, 40, 220, 38, 186, 36, 152, 70, 150, 104, 148, 138, 146, 140, 144, 142, 140.0, 144, 106.0, 146, 72.0, 148, 70.0, 182, 36.0, 184, 2.0]
Game 8
11418
13383
13759
14202
14946
14964
16385
16387
18244
18295
16705
16376
15623
15363
14392
11878
11750
10127
10637
10002
9514
8909
8679
8315
8007
11661
27896
33318
30869
0
['s', 7, 's', 'w', 's', 'w', 's', 'w', 's', 229, 239, 225, 125, 181, 161, 221, 121, 111, 87, 97, 1, 199, 3, 265, 5, 269, 9, 'd', 11, 178, 176, 174.0, 142, 140.0, 138.0, 136.0, 102.0, 68.0, 34.0, 0.0]
Game 9
10450
7985
7137
7865
8183
9095
9712
9745
10186
10256
11341
10860
11811
10852
10979
10569
10764
10399
15200
10759
10067
11184
8094
10001
12292
16408
17427
13538
13520
19062
23487
26446
27766
30684
30872
31593
37958
41209
55968
58696
0
[125, 231, 263, 189, 87, 'a', 's', 'w', 's', 'w', 's', 'd', 129, 'd', 99, 'w', 147, 'w', 143, 75, 63, 235, 103, 's', 11, 's', 'd', 179, 'w', 7, 'd', 'd', 's', 93, 'd', 53, 's', 149, 's', 227, 218, 220.0, 216, 186.0, 214, 152.0, 180, 118.0, 146, 116.0, 144, 114.0, 178, 80.0, 212, 78.0, 210, 44.0, 208, 10.0]
Game 10
11562
12838
13858
15119
15051
14563
16064
15760
18154
18016
16428
16376
15282
14773
15331
11896
10872
15043
11518
10796
10170
9841
9495
8995
8520
12867
20968
28476
31293
29969
29915
0
['s', 139, 's', 'w', 's', 'w', 's', 'w', 's', 227, 249, 231, 93, 177, 55, 235, 'w', 109, 23, 127, 47, 141, 9, 183, 1, 261, 27, 'd', 163, 'd', 99, 180, 146, 178, 148, 144, 114, 146, 80, 148, 78, 114, 76, 80, 74, 78, 108, 76, 142, 42, 176, 40, 210, 38, 208, 4]
