Game 1
11136
13408
12836
13466
14651
14341
5862
12389
10033
11388
12144
12107
12765
14402
7833
11880
14059
13063
10597
14729
9997
9863
9256
16487
8419
7946
8425
16222
21848
22916
22963
24459
24874
26062
26365
28087
28546
1
['s', 265, 's', 'w', 's', 261, 229, 257, 191, 'a', 's', 'w', 's', 179, 159, 'a', 207, 139, 55, 225, 'a', 187, 'a', 109, 59, 35, 71, 93, 63, 'd', 81, 'd', 'w', 'w', 'w', 'a', 149, 174, 72, 140, 74, 106, 76, 72, 78, 74, 80, 76, 114, 78, 148, 80, 182, 114, 216, 148, 250, 182, 252, 216, 286]
Game 2
11142
13428
13935
14404
14981
14960
16332
15912
18722
18543
17204
16429
14785
22137
14084
14015
13134
12364
11401
11077
10258
9713
9357
9017
8671
13555
28021
27916
32810
35413
42981
53224
49345
0
['s', 221, 's', 'w', 's', 'w', 's', 'w', 's', 263, 255, 259, 'd', 215, 'w', 147, 59, 79, 1, 197, 3, 185, 5, 31, 13, 157, 23, 'w', 27, 'w', 49, 'd', 51, 78, 146, 76, 112, 74, 78, 72, 76, 38, 74, 4]
Game 3
10707
13126
10183
9332
6723
9293
10559
8003
10095
13056
11572
11115
10657
9960
9394
8937
8673
8603
8582
8045
7961
14323
16057
16977
23392
1
['s', 'w', 25, 161, 55, 59, 29, 45, 'a', 5, 149, 35, 17, 229, 109, 175, 'w', 167, 89, 3, 247, 197, 225, 'a', 155, 242, 8, 240, 10, 206, 12, 172, 14, 170, 16, 136, 50, 102, 84, 104, 118, 70, 116, 72, 114, 74, 148, 76, 182, 110, 180, 112, 178, 114, 212, 80, 214, 46, 216, 48, 250, 50, 284]
Game 4
10524
7878
6940
8042
7188
8802
8378
9747
9742
9691
9627
10327
9625
9690
8471
9589
7931
7355
8919
6904
6400
8497
8985
10250
12071
12288
12807
12799
13400
13427
14269
14464
15204
15597
16337
16213
17475
18052
19317
19866
0
[125, 231, 263, 155, 159, 'd', 251, 'a', 245, 'd', 179, 269, 51, 187, 103, 191, 55, 59, 5, 63, 'd', 225, 'd', 29, 'd', 'd', 'd', 'w', 's', 'a', 's', 'a', 'a', 'w', 'a', 'w', 'a', 'a', 'a', 73, 110, 174, 112, 172, 146, 170, 144, 136, 142, 102, 140, 68, 106, 70, 72, 104, 70, 138, 68, 140, 102, 142, 136, 144, 170, 146, 172, 112, 174, 78, 176, 80, 178, 82, 212, 84, 246, 50, 248, 16]
Game 5
11627
13122
12887
13901
14234
14616
16415
15978
18563
18032
16620
15466
16351
15572
13438
11052
10729
9697
9286
8949
8449
8138
7687
7443
7343
10988
25765
34397
34639
0
['s', 197, 's', 'w', 's', 'w', 's', 'w', 's', 263, 177, 229, 161, 215, 165, 201, 133, 109, 1, 221, 3, 93, 5, 127, 7, 139, 123, 'd', 29, 182, 178, 184, 180, 186, 182, 152, 184, 150, 186, 148, 152, 114, 150, 80, 148, 46, 114, 44, 80, 10]
Game 6
11112
13589
13013
11590
10995
11007
10577
10614
11393
11043
11728
11055
12093
11318
10939
11233
10012
9798
10023
9244
9465
9173
8866
8665
8413
12757
21463
34301
20703
37375
28970
42997
43843
0
['s', 231, 25, 161, 21, 157, 'd', 'w', 's', 'w', 'd', 'd', 63, 235, 's', 179, 'a', 105, 'a', 37, 1, 227, 13, 107, 15, 131, 39, 'w', 41, 's', 43, 'w', 69, 182, 112, 148, 78, 146, 44, 112, 46, 78, 12, 44, 10, 46, 8, 12]
Game 7
11043
13359
9270
8724
7745
9405
7377
8502
8140
9790
11108
10722
9326
9190
8140
7929
7110
7046
6980
6662
9576
13100
14550
14672
1
['s', 'w', 25, 161, 21, 157, 29, 165, 17, 153, 65, 201, 61, 197, 239, 261, 35, 'w', 99, 213, 193, 173, 's', 225, 110, 210, 144, 208, 146, 174, 148, 176, 150, 178, 152, 180, 186, 182, 184, 186.0, 182, 152.0, 180, 118.0, 178, 116.0, 176, 114.0, 174, 80.0, 208, 78.0, 210, 76.0, 212, 42.0, 246, 44.0, 244, 46.0, 242, 48.0, 276]
Game 8
11638
8257
8062
9702
8915
6949
9977
8563
9340
8885
9786
9138
9606
8521
9596
8831
8685
7185
10505
8052
8333
8496
8588
8828
9210
8413
11071
12617
13283
13972
15909
16233
0
[127, 225, 55, 'd', 131, 25, 31, 'a', 'a', 'w', 's', 153, 'd', 59, 229, 45, 241, 221, 215, 's', 'a', 'd', 49, 'd', 63, 37, 267, 19, 'w', 109, 'a', 87, 2, 286, 0, 288, 34, 254, 68, 220, 102, 186, 136, 184, 138, 182, 140, 180, 174, 178, 176, 174.0, 178, 140.0, 180, 106.0, 182, 104.0, 216, 102.0, 250, 68.0, 252, 34.0, 254, 0.0]
Game 9
11054
14019
13877
14567
14548
15298
15661
16333
10884
14658
11250
16578
12658
12377
11802
11306
10907
11064
10868
10669
10560
10315
10694
16446
27892
30537
31703
29455
32125
17791
13909
13090
9418
8521
8716
19886
24127
28875
31610
32928
33509
36089
37403
44290
46458
48945
47541
1
['s', 41, 's', 'w', 's', 'w', 's', 227, 127, 231, 'a', 223, 21, 255, 'd', 235, 's', 177, 'w', 35, 'a', 9, 's', 171, 27, 'd', 77, 'w', 31, 's', 123, 'a', 17, 'w', 71, 'w', 249, 'a', 'a', 's', 'w', 'a', 'a', 'a', 'a', 's', 103, 172, 170, 138, 204, 104, 238, 70, 240, 36, 242, 38, 276]
Game 10
11129
14133
13593
13773
14670
15114
15859
16310
17710
18113
17341
15713
15441
14323
13193
10853
10466
9839
9361
8423
8557
6977
6954
6103
6189
8603
15686
18145
18222
0
['s', 177, 's', 'w', 's', 'w', 's', 'w', 's', 229, 161, 233, 165, 269, 151, 251, 129, 57, 65, 111, 61, 125, 39, 121, 85, 35, 3, 'd', 21, 214, 216.0, 218.0, 220.0, 186.0, 152.0, 118.0, 84.0, 82.0, 80.0, 78.0, 76.0, 74.0, 110.0, 108.0, 106.0, 104.0, 102.0, 106.0, 136.0, 72.0, 170.0, 70.0, 204.0, 36.0, 238.0, 2.0]
