Game 1
10977
13181
13258
14188
14358
14916
15885
16176
9951
14060
15984
15917
14514
20399
11677
13088
11973
10778
10007
9473
9614
9019
9195
8444
12399
11048
21752
23524
32112
1
['s', 53, 's', 'w', 's', 'w', 's', 227, 59, 'w', 's', 213, 21, 175, 159, 195, 63, 147, 75, 'd', 31, 85, 123, 115, 83, 133, 139, 185, 111, 146, 210, 112, 176, 78, 178, 76, 180, 110, 146, 144, 112, 142, 114, 140, 148, 174, 182, 208, 216, 206, 250, 172, 284]
Game 2
10802
13732
13497
14099
14688
15306
16264
15809
18231
18270
16744
16020
15201
14437
13467
13791
13830
13322
12516
12076
11313
10625
10293
9751
22331
8503
8150
15228
36793
48261
48417
1
['s', 119, 's', 'w', 's', 'w', 's', 'w', 's', 227, 159, 213, 27, 209, 'wa', 'a', 155, 89, 37, 189, 17, 231, 177, 255, 107, 5, 221, 7, 9, 'a', 181, 170, 174, 204, 172, 206, 170, 208, 204, 242, 206, 276, 208, 278, 242, 280, 276]
Game 3
10513
14188
12650
14119
13990
15036
15211
14771
14625
14713
15429
16070
14945
15498
15157
12103
11404
9509
11912
10114
9858
11406
9319
11302
7217
10979
7318
10608
15358
17598
19087
18395
21801
1
['s', 89, 's', 'w', 's', 'w', 93, 227, 's', 'w', 's', 175, 'd', 231, 97, 235, 85, 189, 65, 137, 61, 105, 57, 221, 'w', 'd', 163, 159, 129, 'd', 133, 'w', 125, 148, 182, 146, 184, 144, 150, 142, 148, 140, 146, 106, 144, 108, 142, 110, 140, 112, 174, 114, 172, 116, 138, 118, 104, 84, 102, 82, 136, 80, 170, 78, 204, 76, 206, 74, 208, 72, 242, 38, 276]
Game 4
11165
13772
13846
14369
15462
14975
16006
15926
18213
17998
16463
15419
14537
14201
13860
16178
11548
10197
9791
9204
8580
8170
8104
7918
8005
11873
41748
51571
51616
0
['s', 155, 's', 'w', 's', 'w', 's', 'w', 's', 227, 21, 213, 161, 175, 177, 231, 147, 235, 257, 85, 1, 239, 3, 217, 7, 55, 51, 'd', 11, 214, 178, 216, 180, 182, 214, 148, 216, 114, 182, 80, 148, 46, 114, 12]
Game 5
10832
13602
13412
13149
14469
13329
6013
12136
12269
12877
11501
11013
9922
9607
9819
10166
8619
8091
7982
8102
7997
8695
8503
7285
6984
7252
5606
13521
15270
0
['s', 265, 's', 'w', 's', 261, 227, 223, 213, 269, 153, 255, 21, 'a', 'a', 123, 51, 'a', 59, 'a', 'a', 105, 89, 127, 63, 77, 1, 69, 3, 238, 108, 204, 110, 170, 76, 172, 74, 174, 40, 140, 42, 142, 44, 144, 46, 146, 48, 148, 50, 114, 84, 80, 118, 82, 152, 84, 186, 50, 184, 16]
Game 6
11248
13292
14165
14582
15044
15075
16002
16038
18922
18342
16990
15922
15195
14427
13223
12651
12179
12779
11998
11995
11907
11512
12408
11154
10363
10498
9705
7332
7072
15845
32382
39783
40462
1
['s', 11, 's', 'w', 's', 'w', 's', 'w', 's', 261, 129, 213, 159, 211, 87, 197, 'wa', 257, 'a', 'd', 111, 'd', 133, 139, 49, 191, 141, 97, 171, 1, 53, 'w', 57, 182, 140, 184, 106, 218, 104, 252, 138, 286, 172, 284, 206, 282, 240, 280, 238, 278, 272]
Game 7
10688
7987
6919
7891
8279
8514
8564
9187
9262
8811
9466
8994
9303
7641
9236
9089
9133
8403
7015
6063
6466
6545
6657
6301
6490
11011
14911
15583
15565
1
[125, 163, 263, 223, 19, 'd', 249, 'a', 'a', 23, 129, 'a', 'a', 1, 51, 167, 259, 27, 227, 179, 'd', 201, 'd', 153, 'd', 245, 157, 'a', 149, 274, 12, 240, 14, 238, 48, 204, 82, 170, 116, 172, 114, 174, 112, 176, 110, 178, 108, 144, 106, 142, 140, 138.0, 142, 104.0, 144, 70.0, 178, 72.0, 212, 38.0, 210, 40.0, 208, 42.0, 206, 44.0, 204, 46.0, 238, 48.0, 272]
Game 8
10558
13380
14068
12223
11330
11812
12405
12289
12555
13036
10697
10911
11372
11424
11194
10486
9880
10814
8331
9118
7168
8031
7307
9754
9847
17882
19168
21366
21181
0
['s', 255, 23, 159, 'd', 'w', 's', 'd', 27, 129, 31, 205, 19, 125, 99, 81, 'a', 155, 51, 73, 145, 259, 213, 's', 71, 57, 'd', 'a', 45, 246, 44, 212, 42, 178, 40, 176, 38, 174, 72, 172, 106, 170, 140, 136, 138, 140.0, 136, 106.0, 170, 72.0, 172, 38.0, 206, 36.0, 240, 34.0, 242, 0.0]
Game 9
10773
13836
12603
13253
12805
13421
14098
9882
12106
10354
10939
11496
12192
12950
12899
13369
13867
13913
15786
15391
15186
13441
13881
6391
9982
9146
8689
7753
7549
7340
7212
10231
15916
20300
18419
21123
21493
0
['s', 159, 's', 'w', 'd', 'd', 231, 95, 249, 99, 'a', 'a', 's', 'w', 's', 'w', 'd', 'd', 's', 179, 'd', 235, 163, 109, 149, 21, 25, 41, 1, 263, 13, 15, 37, 'd', 39, 'a', 59, 214, 218, 216, 184, 218, 150, 184, 116, 150, 114, 116, 112, 114, 110, 112, 76, 110, 78, 76, 80, 78, 46, 80, 12, 46, 10, 12]
Game 10
10760
13683
9787
9340
6850
8706
10559
8057
9929
12691
11629
10944
10678
9229
10307
9361
8662
9116
7719
6937
6951
10366
15612
17476
18195
0
['s', 'w', 25, 161, 55, 59, 29, 45, 'a', 5, 51, 179, 247, 133, 157, 129, 109, 147, 95, 1, 'w', 3, 173, 'a', 243, 210, 8, 208, 10, 242, 12, 240, 14, 206, 16, 172, 50, 138, 84, 104, 118, 70, 116, 72, 114, 74, 112, 76, 110, 144.0, 76, 110.0, 74, 112.0, 108, 114.0, 142, 116.0, 140, 82.0, 138, 48.0, 172, 50.0, 206, 16.0]
