Game 1
10529
13665
14323
14938
15204
15153
16417
16761
18908
18208
16605
15997
15213
14119
13377
13195
12705
13717
13480
11589
11307
10225
10445
10119
9677
15315
28256
29173
34599
30271
22301
35732
29125
39591
42380
0
['s', 185, 's', 'w', 's', 'w', 's', 'w', 's', 227, 51, 213, 159, 209, 129, 231, 'wa', 141, 'd', 235, 23, 9, 'w', 73, 1, 183, 19, 'd', 29, 's', 79, 'd', 63, 'w', 11, 148, 144, 150, 110, 116, 76, 82, 42, 84, 40, 50, 38, 16]
Game 2
10652
8167
8360
9139
8582
7326
10230
8430
9902
8460
9311
9756
9776
9901
7828
8765
8619
8052
10803
8348
7900
8105
9337
7354
9989
11160
11131
11115
12281
12666
14308
14333
19421
19681
25388
26835
0
[127, 225, 89, 'd', 131, 23, 31, 'a', 'a', 5, 'd', 'w', 229, 145, 85, 269, 247, 'a', 207, 's', 75, 265, 'd', 'a', 9, 11, 's', 81, 's', 151, 'd', 'a', 'w', 'w', 'd', 257, 82, 206, 116, 172, 118, 174, 152, 208, 186, 210, 220, 212, 218, 214, 216, 218.0, 214, 220.0, 212, 186.0, 178, 152.0, 176, 118.0, 174, 84.0, 172, 50.0, 206, 48.0, 240, 46.0, 238, 12.0]
Game 3
11066
7748
8125
9593
8445
7586
9693
9068
9664
9168
10337
8501
9023
5795
7637
8342
7877
7085
6573
6239
6092
8821
5959
11789
13640
0
[127, 225, 89, 'd', 131, 25, 'a', 119, 's', 123, 65, 41, 61, 85, 'w', 201, 265, 29, 179, 1, 95, 'd', 255, 173, 269, 282, 8, 280, 10, 246, 12, 212, 14, 178, 16, 144, 50, 146, 48, 148, 46, 150, 44, 152, 42, 118, 76, 84, 110, 82, 112, 80, 114, 78, 116, 76, 118, 42, 152, 44, 186, 46, 184, 48, 182, 50, 216, 16]
Game 4
11030
7968
7306
7777
8394
9181
9385
10140
10741
10236
10596
10446
7072
10491
10814
10649
11525
9012
9565
7953
8882
7743
9045
8132
11370
12246
12951
13896
14103
14600
0
[125, 231, 263, 189, 53, 'a', 's', 'w', 's', 'd', 129, 'd', 251, 'a', 's', 73, 65, 81, 17, 153, 141, 255, 209, 57, 211, 43, 'd', 27, 'w', 15, 44, 212, 46, 178, 48, 176, 14, 210, 12, 244, 10, 278, 8, 276, 42, 242, 40, 208, 38, 206, 36, 204, 34, 170, 68, 172, 102, 174, 136, 140, 138, 106, 140, 72, 174, 70, 172, 68, 170, 34, 204, 36, 238, 38, 240, 4]
Game 5
11118
13708
13542
14786
15052
15330
16149
16029
10116
14293
8749
16165
11715
11945
11609
11173
11860
11526
11801
12846
11230
11627
11750
19221
11335
10700
10997
10603
10665
10676
10859
15844
37934
32098
26051
44582
34728
32316
32241
14308
22613
27138
27128
30623
30616
0
['s', 235, 's', 'w', 's', 'w', 's', 263, 25, 227, 'a', 223, 159, 'd', 29, 'w', 21, 'd', 'a', 255, 's', 'w', 'a', 259, 's', 179, 'a', 177, 's', 79, 'd', 209, 97, 'w', 47, 'd', 147, 's', 65, 's', 183, 'w', 'a', 'a', 241, 182, 204, 216, 170, 214, 136, 180, 138, 146, 140, 112, 142, 78, 144, 44, 146, 42, 180, 40, 214, 38, 248, 36, 250, 2]
Game 6
10787
7722
7403
9668
10930
9414
11374
9250
10146
11785
8243
11566
11760
12078
12998
14385
11226
11626
11121
11423
10184
11148
11243
10430
10877
10610
10675
11164
9322
8299
10162
8917
7564
10775
25633
35626
35881
0
[125, 231, 27, 'w', 's', 'w', 's', 'd', 197, 'd', 217, 'a', 's', 'a', 'a', 73, 'd', 77, 'w', 257, 'w', 'w', 'd', 59, 143, 201, 'd', 193, 31, 21, 63, 41, 35, 113, 83, 'd', 149, 182, 44, 148, 42, 114, 8, 116, 6, 150, 4, 152, 2, 118, 36, 84, 70, 50, 104, 48, 138, 46, 172, 44, 206, 42, 240, 8]
Game 7
10950
13312
14013
14490
14206
15007
16405
15959
18528
18038
16557
15978
15098
14493
13561
12523
12197
14142
10768
12792
9443
7790
9496
8935
18737
12947
24226
24986
25548
1
['s', 165, 's', 'w', 's', 'w', 's', 'w', 's', 261, 91, 265, 39, 209, 161, 269, 157, 193, 153, 197, 185, 223, 233, 255, 229, 1, 3, 'd', 65, 182, 214, 184, 216, 218, 184, 216, 182, 214, 180, 212, 178, 210, 176, 244, 174, 246, 208, 248, 206, 250, 204, 252, 238, 254, 240, 220, 242, 186, 276]
Game 8
10943
13968
13630
14928
14492
14746
16028
16373
18368
18048
16459
15997
18172
14342
15154
13549
13079
9813
9553
8900
8715
7690
7568
6806
6818
9058
13763
15010
15201
16519
17304
17863
18076
1
['s', 165, 's', 'w', 's', 'w', 's', 'w', 's', 227, 1, 179, 159, 223, 155, 255, 137, 241, 55, 251, 51, 231, 59, 181, 77, 7, 63, 'a', 'a', 'sa', 'a', 'w', 189, 176, 204, 210, 170, 208, 136, 206, 102, 204, 104, 170, 138, 136, 140, 102, 142, 104, 144, 138, 146, 140, 148, 142, 150, 144, 152, 146, 186, 112, 220, 78, 254, 80, 288]
Game 9
10506
13579
14009
14329
15082
15269
15464
16088
18524
18045
16516
15649
17714
14181
17778
12433
17330
10584
10129
9565
9213
8841
8490
8309
7990
14470
31867
35371
36336
1
['s', 137, 's', 'w', 's', 'w', 's', 'w', 's', 227, 37, 179, 159, 223, 155, 255, 119, 1, 209, 5, 185, 7, 181, 9, 65, 11, 187, 'a', 251, 174, 178, 208, 176, 206, 174, 204, 208, 238, 206, 240, 204, 242, 238, 276, 240, 278, 242, 244, 276]
Game 10
10687
13670
14611
14672
15026
15376
16814
16006
18489
18033
16743
15711
14738
14202
13936
12997
13599
15458
10836
9045
8645
7957
7515
7103
6940
9576
19166
23352
24160
0
['s', 141, 's', 'w', 's', 'w', 's', 'w', 's', 261, 199, 265, 59, 211, 159, 215, 145, 191, 163, 269, 23, 207, 1, 91, 99, 257, 3, 's', 95, 178.0, 214, 212.0, 180, 214.0, 182, 180.0, 184, 182.0, 150, 184.0, 116, 150.0, 114, 116.0, 112, 114.0, 110, 112.0, 108, 110.0, 106, 108.0, 140, 106.0, 174, 72.0, 172, 38.0, 206, 4.0]
