Game 1
21152
20908
23171
23545
25382
25409
26294
24625
35218
25806
28850
25317
30341
24652
24985
23496
21599
15848
11282
11686
12046
12140
15329
12861
21662
28594
38739
55544
58830
66514
71846
69560
62585
62785
62268
63623
62150
62467
63210
60928
62361
62646
69566
71357
66554
62925
69515
71401
76371
74188
80280
81511
76400
74059
80517
81510
76475
74147
69410
71523
74223
71808
69583
71483
66440
62732
60794
60908
62471
62887
62383
63993
62399
62447
63452
60965
60948
60675
60834
60953
60960
60938
62327
62747
60722
60726
62389
62799
69308
71447
66393
62754
69441
71277
73819
71616
69423
