Game 1
21704
20880
23393
22851
25396
25587
27635
26693
32712
25463
27310
23866
26568
26983
29833
32630
17317
16762
17616
16761
31357
17807
59162
34113
34203
30216
73854
56593
78237
84848
93210
86622
91871
86308
96603
87498
92577
86524
87395
98787
96901
88366
87612
87778
94351
87147
91961
87316
90665
83795
88114
88539
92024
84948
86345
89809
90754
85392
86624
86628
90227
83776
96275
86899
91199
85092
91518
100190
89976
86834
90535
88895
97670
85831
97948
88143
93178
84403
93678
88030
92603
85515
87580
86917
89391
88319
99992
88488
89985
85873
87504
88034
92219
89222
94625
86112
87539
85110
86979
98487
89830
87617
86316
87940
90057
86177
95624
101082
91353
89629
86905
91601
92097
