Game 1
2964
3697
4243
6175
5422
8898
10344
5107
14220
12866
12928
12365
11546
10996
15602
3127
4072
10412
12561
18388
19952
0
['w', 263, 'w', 259, 'w', 'w', 'w', 215, 19, 207, 209, 233, 255, 167, 5, 'a', 'd', 'd', 'd', 'w', 'w']
Game 2
2741
3637
4697
5707
3820
7018
3969
13566
11241
12504
11989
11694
10779
12881
23428
2903
20125
13222
8143
1
['w', 'w', 229, 225, 'w', 'w', 181, 183, 173, 99, 221, 27, 21, 165, 'w', 'a', 'a', 'w', 'a']
Game 3
2715
3570
4285
4901
5284
8930
9615
4966
14269
12743
12896
11982
11128
10438
18255
10804
18374
19023
16485
17920
0
['w', 263, 259, 'w', 'w', 'w', 'w', 215, 199, 207, 77, 19, 139, 31, 81, 'a', 'a', 'd', 'w', 'w']
Game 4
2638
3510
4578
6417
5144
8587
3200
11953
10740
12158
12061
10516
10812
15796
3854
10135
16812
20710
14644
0
['w', 'w', 261, 265, 'w', 211, 217, 49, 'w', 257, 215, 207, 269, 87, 'w', 'd', 'a', 'w', 'w']
Game 5
2842
3632
4815
3571
7989
11473
15094
0
['w', 'w', 'w', 'w', 'w', 'w', 'w']
Game 6
2790
3561
4273
6372
6617
10399
8076
4200
8754
11560
10739
8292
10600
15228
20812
32121
25721
24701
25628
0
['w', 'w', 229, 'w', 261, 'w', 225, 173, 177, 119, 65, 153, 221, 7, 'w', 'w', 'd', 'w', 'w']
Game 7
2558
3433
4309
6082
7695
7254
8460
2103
9854
7767
9792
9179
9854
10338
7464
9901
15893
25846
18687
0
['w', 261, 'w', 'w', 195, 257, 211, 207, 175, 181, 249, 221, 53, 'w', 'w', 'd', 'd', 'w', 'w']
Game 8
2721
3530
4117
3200
9303
8974
10077
14147
14537
13677
12701
12227
11743
11178
14449
26733
14217
13096
16191
0
['w', 'w', 'w', 'w', 227, 'w', 231, 183, 9, 261, 175, 65, 3, 27, 189, 'a', 'a', 'w', 'w']
Game 9
2754
3569
4490
5977
6702
2644
8717
7384
12861
11715
11353
10234
10653
15526
25575
23680
14473
20628
15908
0
['w', 'w', 229, 'w', 177, 181, 109, 'w', 43, 165, 3, 269, 239, 217, 'w', 'a', 'a', 'w', 'w']
Game 10
2645
3614
4198
6056
7301
8967
7143
1537
12070
11166
8913
9398
10738
15258
8593
15024
21183
30653
29771
0
['w', 'w', 263, 'w', 'w', 259, 215, 209, 141, 161, 147, 3, 85, 59, 'w', 'w', 'a', 'w', 'w']
