Game 1
2872
3595
4670
5825
6390
10332
3974
12492
12938
13609
12970
12181
12523
0
['w', 'w', 227, 263, 'w', 'w', 209, 223, 'w', 255, 267, 'w', 'w']
Game 2
2701
3561
4493
6367
7964
7944
7467
2236
8707
7195
11114
11407
10603
15489
23852
27812
16198
19671
13570
0
['w', 'w', 263, 'w', 'w', 259, 267, 255, 213, 131, 5, 49, 215, 1, 'w', 'w', 'd', 'w', 'w']
Game 3
2739
3584
4317
2928
8339
10275
15215
0
['w', 'w', 'w', 'w', 'w', 'w', 'w']
Game 4
2764
3598
4658
5911
3783
7660
3090
7055
9584
10667
8016
9142
12172
5925
37057
19008
15240
20543
21740
0
['w', 'w', 227, 231, 'w', 175, 235, 239, 221, 95, 107, 63, 1, 'w', 'w', 'a', 'd', 'w', 'w']
Game 5
2589
3488
4588
3194
7278
11366
9762
13841
14626
13231
13914
0
['w', 'w', 'w', 'w', 'w', 227, 231, 217, 253, 'w', 'w']
