Game 1
3011
3508
4361
4842
5179
2373
2718
5674
7971
7031
6240
9602
2904
2937
3414
2684
26153
22575
17594
18866
13731
0
['w', 261, 265, 257, 269, 'w', 207, 231, 7, 139, 181, 73, 'w', 'w', 'a', 'w', 'd', 'd', 'a', 'w', 'w']
Game 2
2923
3557
4438
5967
6510
6109
1355
9414
8884
10113
10374
10705
9775
11582
3034
13809
9652
15948
17950
14806
20856
0
['w', 'w', 229, 'w', 225, 181, 175, 19, 'w', 221, 1, 257, 113, 161, 'd', 'w', 'w', 'd', 'd', 'w', 'w']
Game 3
2639
3541
4135
5877
5393
9408
3591
12154
10741
9626
10080
10442
13852
11910
16751
17431
26714
20158
0
['w', 261, 'w', 265, 'w', 209, 215, 173, 177, 269, 41, 165, 157, 'w', 'w', 'd', 'w', 'w']
Game 4
2703
3482
4628
5811
6635
10473
9973
11278
14510
0
['w', 'w', 261, 229, 'w', 'w', 'w', 'w', 'w']
Game 5
2811
3804
4476
3254
9196
6057
12493
14337
9478
11572
12503
10472
11444
10751
17714
18202
11426
14380
6311
1
['w', 'w', 'w', 'w', 193, 197, 201, 59, 175, 'w', 213, 189, 255, 27, 89, 'd', 'd', 'w', 'd']
