Game 1
3014
3582
4368
6608
5607
8565
9727
3668
13433
11595
13278
12515
11305
10584
13103
3360
2551
4383
23156
15694
0
['w', 261, 'w', 265, 'w', 'w', 243, 215, 'a', 175, 51, 29, 269, 81, 17, 'w', 'd', 'a', 'w', 'w']
Game 2
2667
3562
4444
5624
6512
6857
3157
4442
11320
11316
9904
10678
9652
11968
3268
3111
3308
13387
14800
25423
18069
0
['w', 'w', 227, 'w', 'w', 263, 175, 179, 183, 249, 189, 181, 137, 157, 'a', 'w', 'w', 'd', 'a', 'w', 'w']
Game 3
2748
3496
4425
6120
6903
8735
7459
2356
8915
11648
6724
7800
8982
11790
6942
2575
5167
3980
16080
18897
20240
0
['w', 261, 'w', 'w', 'w', 265, 243, 269, 179, 175, 11, 109, 17, 173, 'w', 'w', 'a', 'd', 'd', 'w', 'w']
Game 4
2726
3550
4616
6147
6677
6914
3040
3655
9571
11184
10639
10268
9795
16529
16735
27561
16691
22179
16816
0
['w', 'w', 227, 'w', 'w', 265, 209, 189, 179, 139, 217, 221, 161, 149, 'w', 'w', 'a', 'w', 'w']
Game 5
2705
3543
4218
6464
7658
9571
2911
5886
11769
11477
12324
11419
10363
10524
14005
7874
16060
22535
23240
19310
11845
0
['w', 263, 'w', 'w', 227, 'w', 175, 179, 177, 'w', 157, 233, 153, 41, 11, 'w', 'd', 'd', 'd', 'w', 'w']
