Game 1
5191
7254
7697
8021
8782
6085
6318
4791
6407
5753
6302
4587
5654
5977
6441
3515
4871
4763
6269
7077
7010
6741
6495
5800
6250
8704
9281
7417
11317
9641
10143
8187
9886
7352
9596
7515
9495
11162
10648
0
['s', 167, 's', 'w', 59, 161, 55, 157, 'd', 'd', 231, 129, 's', 'a', 'd', 81, 'a', 77, 'w', 13, 177, 27, 245, 153, 175, 207, 1, 'w', 73, 's', 'd', 'd', 'w', 's', 's', 'd', 15, 'a', 19]
Game 2
5357
7440
6200
3720
5801
4142
4513
4701
3803
5119
6077
5965
6455
5464
5640
4620
4775
3259
3176
2647
2742
2916
3382
3471
4038
0
['s', 159, 61, 231, 'a', 155, 127, 'd', 251, 'w', 213, 187, 65, 57, 263, 39, 119, 23, 123, 27, 259, 269, 'd', 239, 15]
Game 3
5211
7185
7382
7651
8727
8999
11411
6625
9097
7925
11560
12574
12463
8712
5926
6776
9968
6537
7594
4434
6911
5231
8505
8656
8723
11215
15853
8704
17179
5161
5008
5565
8835
10368
11631
10170
12151
12406
14112
16321
16752
1
['s', 99, 's', 'w', 's', 'w', 59, 229, 's', 'w', 's', 211, 91, 233, 'd', 185, 'w', 143, 'w', 117, 'a', 123, 'w', 11, 'a', 71, 95, 'w', 127, 's', 147, 'w', 197, 's', 21, 's', 13, 'd', 7, 'd', 17]
Game 4
5268
7583
5866
4722
7075
6188
8177
8292
10366
5277
7246
3813
5195
6733
6567
5943
6846
5068
4961
4226
4026
3854
3401
3287
3404
4236
4473
0
['s', 159, 'd', 'd', 's', 'w', 's', 'w', 197, 129, 183, 235, 213, 77, 265, 257, 81, 59, 89, 145, 85, 45, 261, 29, 23, 49, 1]
Game 5
5396
7263
6379
5882
6911
7234
8149
4304
6578
7350
5649
8061
9130
3387
4225
2494
4324
4734
3497
3310
3398
3301
3427
3521
3123
3717
5197
6899
0
['s', 161, 's', 'a', 'a', 'w', 225, 123, 's', 'a', 241, 75, 31, 119, 211, 55, 27, 'd', 261, 37, 23, 87, 265, 143, 233, 127, 165, 133]
Game 6
5382
7295
7910
8300
8344
5923
6513
6194
7966
4787
4025
5194
5926
4739
4978
3792
3763
3440
3707
3762
3398
3897
3474
4685
4900
1
['s', 173, 's', 'w', 25, 161, 'a', 'w', 55, 157, 131, 153, 179, 113, 227, 45, 209, 75, 257, 71, 205, 125, 15, 167, 197]
Game 7
4878
7443
8447
8136
9187
6118
8061
8028
9435
8844
11072
13133
12915
12276
12090
3873
8194
1901
8233
9388
7078
8604
8023
5266
7097
5443
6046
7411
7185
6055
7247
6480
7102
6900
7866
9401
9437
0
['s', 105, 's', 'w', 25, 263, 's', 'w', 's', 'w', 's', 259, 's', 215, 57, 255, 'd', 147, 'w', 'd', 'w', 199, 161, 79, 177, 61, 1, 89, 133, 'a', 107, 'd', 189, 's', 3, 'a', 15]
Game 8
5018
7458
7969
7895
9067
5796
6920
4727
5505
4923
7585
5160
6399
4532
6520
3100
6794
6513
5064
4379
4472
4442
4304
6143
5959
7286
7856
7997
8895
1
['s', 1, 's', 'w', 59, 161, 89, 109, 63, 'w', 'd', 165, 19, 201, 'a', 41, 85, 197, 99, 229, 95, 225, 31, 141, 123, 'w', 's', 'd', 27]
Game 9
5571
7123
7410
7155
8343
8411
10090
9460
13447
15365
14628
9164
12182
9533
11236
7483
9159
6598
7550
4877
7577
4614
8934
8439
7961
12899
14625
14821
17273
17761
21252
23829
25841
18303
22140
0
['s', 191, 's', 'w', 's', 'w', 's', 'w', 's', 227, 81, 213, 159, 209, 129, 197, 'wa', 173, 'd', 147, 'a', 105, 31, 151, 25, 119, 1, 'a', 3, 'w', 5, 'd', 123, 'd', 177]
Game 10
5015
7501
7411
8596
8959
9071
10984
9930
13711
15523
14555
9705
12431
11897
9841
9868
8751
8677
7826
3499
5997
5554
6988
5697
5825
8173
9010
4935
5880
3922
4462
4958
5630
1
['s', 73, 's', 'w', 's', 'w', 's', 'w', 's', 227, 5, 179, 159, 209, 155, 223, 17, 255, 'wa', 259, 'a', 103, 55, 109, 47, 15, 37, 'a', 59, 'a', 79, 'a', 147]
