Game 1
5163
7707
7622
6411
5800
6569
6221
7849
8823
5697
6583
5184
4821
5633
6144
5617
5948
4395
4566
4000
3909
3983
5519
5021
5606
6118
6150
0
['s', 117, 23, 159, 's', 'd', 129, 125, 'a', 121, 31, 187, 27, 81, 17, 225, 65, 73, 263, 57, 'd', 221, 185, 'a', 267, 'd', 211]
Game 2
4955
7709
7951
6474
6190
3752
5505
5873
5777
5053
5546
4713
3923
5589
6018
4654
3778
3863
2743
3527
3498
4274
4430
0
['s', 213, 23, 159, 61, 163, 's', 'w', 53, 155, 183, 201, 119, 187, 123, 191, 195, 127, 263, 79, 167, 57, 259]
Game 3
5342
7201
5954
3761
5849
5521
6508
4731
6248
5301
6169
5295
6497
5555
6098
6798
8189
6261
6799
7687
7256
7126
6207
6864
6468
6806
7475
8275
9971
10121
0
['s', 159, 95, 163, 's', 'a', 87, 223, 259, 235, 17, 'd', 's', 'd', 99, 'w', 29, 'a', 91, 111, 129, 155, 3, 255, 151, 263, 'a', 213, 'a', 137]
Game 4
5405
7489
7985
5473
6001
5913
6006
3926
5698
5390
4793
6319
7252
6186
6346
5422
4060
4432
5091
4860
4811
5660
6424
1
['s', 211, 23, 159, 's', 'w', 27, 163, 195, 155, 31, 167, 119, 187, 55, 191, 71, 3, 45, 235, 13, 35, 229]
Game 5
5401
7376
4484
3476
3684
3747
3576
3662
3735
4642
5007
2525
5034
4487
5695
5993
3281
2666
3767
4326
4443
4734
3998
0
['s', 'w', 25, 161, 55, 157, 63, 231, 51, 59, 31, 45, 'a', 21, 249, 115, 179, 235, 151, 251, 139, 83, 1]
