Game 1
4906
7388
7192
8168
8501
9358
11535
6733
9733
6932
8794
5507
5856
6950
6948
7851
7116
8902
9619
9411
9440
8378
8527
7338
7497
6929
6494
6111
10578
14368
4630
16321
20198
21299
1
['s', 1, 's', 'w', 's', 'w', 93, 229, 89, 259, 'd', 233, 's', 'w', 97, 'a', 85, 'd', 31, 103, 255, 'd', 27, 57, 71, 181, 195, 'w', 7, 21, 'a', 269, 'd', 263]
Game 2
5254
7429
6203
3336
6067
5403
5965
6242
7848
7323
8592
6985
8157
5570
7646
5616
6397
5151
6166
5893
5979
5461
5951
5693
5348
6868
7715
8615
9331
1
['s', 159, 25, 197, 's', 'a', 155, 'd', 'd', 'w', 29, 129, 's', 201, 'a', 145, 85, 187, 89, 191, 21, 53, 11, 81, 221, 61, 167, 'w', 3]
Game 3
5257
7154
8127
7842
8405
9043
11053
10593
12818
15462
16160
11029
13041
10105
11400
9343
9888
5493
7955
6524
7095
7571
8355
6992
7853
7421
7643
7377
6977
6587
10522
10263
16444
17363
19203
21018
1
['s', 199, 's', 'w', 's', 'w', 's', 'w', 's', 'w', 155, 263, 91, 211, 59, 215, 109, 193, 111, 's', 'd', 'd', 163, 'd', 167, 'a', 179, 1, 97, 3, 41, 5, 's', 9, 'w', 11]
Game 4
5184
7297
6931
4566
5677
4256
6006
3458
4707
3215
5545
6981
6096
6937
5904
6492
4470
5508
4201
5785
6170
4142
4195
4070
4386
5180
5072
5552
5764
1
['s', 89, 263, 93, 29, 45, 245, 85, 'w', 9, 267, 1, 's', 113, 's', 99, 'd', 3, 235, 225, 231, 'd', 199, 'd', 195, 'd', 191, 'd', 185]
Game 5
4969
7273
6924
6697
9116
7138
10779
5566
8121
3223
4198
3820
6479
3881
6719
7862
8748
9085
8144
9130
8176
8452
8041
10781
13325
9946
12381
8655
11462
8460
12690
14437
26404
1
['s', 231, 's', 'w', 's', 'w', 25, 227, 'a', 223, 159, 107, 'd', 235, 'a', 39, 21, 217, 'd', 253, 77, 213, 29, 1, 85, 'w', 53, 'd', 49, 'a', 99, 'a', 155]
Game 6
5238
7063
8328
5401
6035
3324
5601
5220
6073
6274
7560
4545
5823
6055
6119
5567
5948
5267
4609
4662
3266
4775
4946
4803
8129
10346
1
['s', 167, 23, 159, 61, 93, 19, 'd', 65, 155, 125, 233, 's', 'w', 89, 265, 'd', 97, 51, 119, 37, 'w', 27, 41, 179, 149]
Game 7
5486
3522
5766
3741
6587
3343
5277
5334
5706
7514
6175
6621
4845
6740
6459
5795
8760
9193
4220
3806
6198
6613
4044
2628
4019
4117
4496
4650
4879
6168
5002
5385
5809
6090
6346
1
[125, 'w', 's', 'w', 'd', 61, 'a', 'd', 's', 'w', 'd', 95, 129, 'w', 'd', 47, 147, 91, 143, 39, 99, 19, 211, 119, 'a', 23, 71, 11, 'a', 133, 229, 's', 233, 's', 183]
Game 8
5772
7622
7786
5544
5564
4365
4963
5103
5176
5377
6072
6585
5875
6360
5107
5836
4390
4306
3175
5415
5747
6157
5040
4146
3330
3686
4063
4632
5418
5921
5930
6549
6710
7262
7177
0
['s', 233, 25, 161, 21, 157, 'd', 'w', 's', 'd', 'd', 'w', 181, 269, 85, 265, 167, 'w', 89, 107, 195, 261, 53, 209, 29, 257, 's', 57, 's', 'a', 's', 'a', 'd', 's', 95]
Game 9
5133
7258
8100
8639
9040
9508
10919
9498
12950
15555
14528
9700
11934
11133
11129
11804
11503
10706
10169
9416
8711
8407
8274
7855
7082
7072
5886
5873
14364
53174
0
['s', 107, 's', 'w', 's', 'w', 's', 'w', 's', 227, 115, 263, 161, 'a', 157, 167, 219, 55, 215, 209, 173, 'd', 29, 259, 45, 195, 25, 255, 153, 267]
Game 10
5206
7260
7927
8609
9606
9978
10629
5161
7489
7924
9635
6790
7135
8445
8196
7158
7462
7094
6216
6027
6003
5803
5310
5243
4783
4530
9159
12122
1
['s', 251, 's', 'w', 's', 'w', 93, 161, 's', 'w', 177, 109, 179, 147, 245, 165, 99, 201, 63, 's', 215, 87, 51, 27, 121, 31, 219, 1]
