Game 1
5579
7343
7819
8418
9529
5756
5910
5315
8274
5613
6160
4269
5493
5900
3934
6508
6916
7822
7580
7482
6974
6247
5460
5370
4970
4991
9031
11049
1
['s', 189, 's', 'w', 57, 159, 'd', 'd', 61, 163, 133, 129, 'a', 'w', 177, 's', 245, 125, 81, 155, 71, 221, 3, 103, 53, 183, 1, 267]
Game 2
5099
7989
8448
8398
8667
8548
10807
9752
13700
15299
14604
8670
12167
12305
11157
9812
8901
8358
7333
7625
7221
6709
6213
5840
5537
10548
13848
15329
15885
1
['s', 235, 's', 'w', 's', 'w', 's', 'w', 's', 227, 157, 179, 161, 223, 153, 255, 253, 259, 201, 1, 23, 39, 49, 3, 97, 9, 89, 'a', 149]
Game 3
5225
7276
6071
4091
5968
3677
5262
5297
5407
5526
7157
5845
6041
5857
6781
6179
6899
6485
6984
6499
6130
5761
7700
7029
7385
7417
8453
8472
1
['s', 161, 23, 157, 27, 231, 's', 'a', 153, 'w', 31, 267, 209, 55, 71, 17, 239, 'd', 103, 77, 5, 59, 65, 91, 'a', 'w', 'a', 193]
Game 4
5262
7819
8000
6139
5823
5775
6920
5062
5905
4887
5411
4463
4505
3957
3597
4814
4579
3654
3770
3201
2356
3518
2979
3434
3571
1
['s', 147, 25, 161, 'a', 'a', 21, 157, 17, 153, 97, 131, 65, 235, 61, 231, 57, 227, 'a', 117, 77, 223, 187, 'd', 89]
Game 5
5325
3392
3723
3780
5398
3694
5229
6260
5524
6544
5791
6454
6371
6397
8840
8934
6771
5462
5916
6217
5235
4821
3891
3748
3353
4312
4671
4906
4546
4916
5662
5817
1
[125, 163, 129, 'a', 's', 'a', 19, 'w', 's', 'w', 's', 'w', 'a', 73, 157, 77, 173, 5, 177, 167, 187, 'd', 227, 265, 213, 195, 87, 1, 'w', 59, 'w', 41]
