Game 1
5067
7395
7723
5883
5756
5226
7858
6431
6821
5215
5824
5208
4832
6249
7148
6232
5834
5720
4901
6154
6482
5842
5992
5900
7474
7375
7404
8169
8918
9031
0
['s', 209, 25, 161, 'a', 'w', 's', 'a', 55, 157, 191, 187, 211, 's', 29, 165, 51, 173, 133, 205, 261, 'd', 3, 'd', 73, 113, 's', 45, 'w', 103]
Game 2
5297
7435
7056
8253
9096
9339
11300
11381
13435
15559
15024
11355
12540
10655
11293
8460
9831
7674
7755
6469
8074
6599
7657
8142
7572
10425
12077
5015
12768
4793
10336
6906
6512
6681
5788
6289
7846
9904
11182
12835
12724
1
['s', 31, 's', 'w', 's', 'w', 's', 'w', 's', 261, 167, 213, 161, 257, 21, 265, 'a', 205, 'w', 141, 'd', 269, 'a', 3, 's', 209, 91, 'd', 95, 'd', 47, 'a', 177, 'a', 'w', 's', 191, 'w', 181, 'd', 127]
Game 3
5180
7755
8159
8082
8803
9302
10567
9840
13987
15792
15084
12116
12459
11848
11109
10138
9442
4627
5876
5735
7104
5389
6294
5732
5348
6975
6415
8063
8517
0
['s', 5, 's', 'w', 's', 'w', 's', 'w', 's', 261, 143, 213, 161, 211, 63, 231, 249, 235, 165, 187, 151, 221, 31, 87, 49, 255, 55, 'd', 59]
Game 4
5513
7359
6831
4936
7258
5751
8294
5785
7816
7686
9274
6937
7735
8309
8839
7596
9043
7228
9360
6313
8690
5889
7185
5158
6998
6666
7177
7509
6929
7029
7186
11439
13995
14515
16959
20940
21236
0
['s', 247, 227, 231, 's', 'a', 121, 'w', 209, 's', 97, 'a', 's', 'w', 's', 'w', 's', 143, 21, 181, 131, 223, 'w', 113, 'w', 255, 'w', 103, 'd', 47, 55, 217, 83, 'w', 1, 'a', 153]
Game 5
5500
7345
8099
6262
5948
5693
7123
6538
7649
4395
5810
4193
3620
3737
4093
6426
5220
7370
6955
6784
6404
6036
5511
5325
5100
11311
14111
1
['s', 207, 23, 159, 'd', 'w', 's', 'w', 61, 163, 's', 113, 19, 225, 65, 'a', 175, 93, 9, 89, 37, 155, 211, 1, 99, 5, 215]
