Game 1
5312
7520
7845
6297
8694
5709
3585
3891
5597
3975
5982
3473
5144
5911
4860
6534
6577
7267
5748
7291
6477
7148
2490
7763
5407
9489
8747
8011
5764
5969
5452
5022
4861
9154
10659
1
['s', 259, 's', 'w', 's', 263, 159, 111, 59, 255, 'w', 267, 'd', 'w', 'd', 'w', 's', 'd', 's', 'w', 63, 'd', 99, 'w', 95, 197, 207, 201, 175, 165, 19, 9, 137, 1, 231]
Game 2
5160
7295
7969
8330
9108
6404
6711
6906
7547
5688
6517
5666
7646
6476
5271
5309
6223
3287
4744
3414
4567
3882
3618
3271
3198
4099
4170
5029
5046
5077
5113
5414
5448
5704
5828
0
['s', 3, 's', 'w', 25, 161, 's', 'w', 89, 157, 's', 'w', 181, 111, 175, 153, 195, 43, 211, 41, 259, 269, 207, 265, 'a', 29, 95, 'a', 'w', 's', 'a', 's', 'a', 'a', 103]
Game 3
5066
7093
7686
8433
9739
5944
7030
6053
9125
7358
9595
10032
11949
14393
14807
12222
12183
11784
12007
7727
9299
9591
8643
8928
7995
8288
7886
7871
7954
10128
12846
6037
14475
8141
8629
7481
9965
11379
11952
1
['s', 7, 's', 'w', 57, 159, 'd', 'w', 's', 'd', 's', 'w', 's', 'w', 1, 231, 61, 179, 'd', 235, 29, 247, 205, 21, 'w', 257, 'w', 243, 'a', 107, 37, 'w', 65, 'a', 105, 'sa', 173, 'w', 91]
Game 4
5221
7319
8122
7721
8484
7997
9745
5439
6387
4024
6291
5202
5558
6846
6350
7743
4653
8886
8921
5552
5687
6105
4171
6041
5055
4692
4769
5376
6060
6267
6438
1
['s', 75, 's', 'w', 's', 'w', 93, 127, 89, 199, 'd', 263, 'd', 'w', 's', 'd', 147, 235, 85, 231, 195, 151, 211, 83, 155, 63, 191, 25, 1, 'a', 31]
Game 5
5284
7555
7875
5432
7072
5026
7278
4885
6442
3927
5024
4947
5292
6418
5363
5693
5504
6387
4300
3607
3668
3021
3742
3756
3704
4276
4745
0
['s', 233, 25, 59, 'a', 'a', 191, 55, 'a', 3, 17, 41, 'w', 'd', 229, 'w', 225, 269, 247, 265, 207, 29, 257, 69, 143, 21, 73]
Game 6
5266
7509
6905
4142
6196
5033
6106
5642
8501
2954
6464
3931
6609
7359
4463
4293
4027
3781
3875
3185
3372
3075
4143
4839
5074
5484
5768
5985
6270
0
['s', 123, 229, 93, 's', 'w', 247, 'a', 'd', 45, 'a', 41, 225, 197, 119, 201, 207, 109, 259, 29, 189, 193, 'w', 9, 111, 'd', 53, 's', 3]
Game 7
5575
7584
8007
6002
6358
5734
5882
7059
9001
6205
8268
6781
7362
5946
7189
6519
7760
6529
7175
6438
7061
6667
9107
9411
6421
6330
4947
4523
4536
4799
7265
10117
10848
11638
0
['s', 217, 23, 159, 's', 'd', 27, 'w', 31, 163, 19, 257, 91, 'w', 179, 's', 1, 'a', 71, 'a', 5, 'w', 175, 123, 'd', 167, 'a', 95, 'w', 73, 's', 103, 'd', 81]
Game 8
5482
7602
7672
8346
8912
10001
10774
10834
13182
15608
14546
12456
12409
11157
9062
8901
7675
8626
8112
7638
7656
7437
6954
6640
6257
6059
5713
19399
35369
32931
33110
1
['s', 149, 's', 'w', 's', 'w', 's', 'w', 's', 227, 93, 179, 159, 209, 155, 257, 171, 5, 123, 'a', 111, 31, 247, 3, 191, 1, 61, 7, 'a', 'a', 119]
Game 9
5061
7084
7804
5510
6269
3610
5367
4101
6074
4475
5619
2654
5609
4824
5997
6938
6507
6359
6098
8178
8196
6903
8042
5371
7497
6176
6491
0
['s', 207, 23, 159, 61, 163, 53, 57, 29, 47, 'a', 1, 'd', 167, 49, 3, 69, 177, 139, 43, 93, 'w', 'a', 'w', 229, 'd', 233]
Game 10
5253
7483
7315
8019
9024
7352
10198
4572
8637
5821
8392
3605
5758
3817
6808
1977
6850
7096
7211
7702
8117
7453
7537
7078
6809
10123
11559
9676
13978
15423
14897
0
['s', 153, 's', 'w', 's', 'w', 93, 227, 125, 231, 129, 223, 19, 79, 'a', 73, 'w', 173, 'w', 7, 29, 'd', 121, 251, 99, 191, 1, 'w', 171, 's', 51]
