Game 1
5199
7656
8473
8803
9367
6004
6643
6049
8413
4692
6647
4131
6896
4768
6883
6632
5303
8009
7755
8373
8343
4487
4207
5825
5038
6313
5934
5740
8052
10364
11991
11947
1
['s', 11, 's', 'w', 23, 159, 'd', 'w', 59, 163, 55, 'w', 's', 235, 's', 'a', 51, 'd', 179, 111, 151, 115, 63, 'a', 141, 103, 223, 227, 191, 93, 'w', 1]
Game 2
5039
7034
7375
8261
9944
9483
11435
6238
7790
4838
6798
5622
5368
5017
6610
6332
7049
5457
3717
4768
4454
4504
4163
3999
3506
4995
5551
1
['s', 189, 's', 'w', 's', 'w', 59, 161, 89, 109, 'd', 113, 179, 45, 17, 37, 227, 'a', 175, 77, 207, 25, 269, 265, 13, 261, 139]
Game 3
5427
7376
8015
8634
8983
7664
11158
10900
14070
15682
14992
9228
12231
10689
11367
10523
11071
10766
10321
9724
9066
8563
9779
6402
6352
4362
6622
6303
6127
8957
12968
15307
15698
0
['s', 5, 's', 'w', 's', 'w', 's', 'w', 's', 227, 149, 265, 91, 'w', 61, 'd', 129, 159, 235, 173, 147, 231, 'w', 175, 'd', 107, 19, 47, 57, 11, 37, 'a', 31]
Game 4
4983
7681
7690
8607
8456
9318
11361
6710
9405
8853
12063
13688
12884
9089
6608
8765
9567
9250
8930
5702
5132
7548
3884
7475
4403
7508
7698
7585
7115
6481
6075
11763
10764
14539
16143
17464
17487
1
['s', 9, 's', 'w', 's', 'w', 91, 261, 's', 'w', 's', 213, 61, 211, 159, 231, 'wa', 257, 'd', 235, 'a', 'a', 155, 'a', 119, 'a', 137, 31, 207, 1, 'd', 3, 123, 'w', 269, 's', 265]
Game 5
5465
7361
8244
8337
9080
9743
11083
11467
12597
15515
14971
12256
12307
6056
6013
9615
9246
8751
8595
8444
8613
8015
8679
7434
6333
3048
6858
10098
7971
3341
3294
5148
5691
7363
7770
1
['s', 149, 's', 'w', 's', 'w', 's', 'w', 's', 261, 267, 213, 125, 211, 161, 197, 'wa', 257, 'a', 'd', 27, 139, 31, 191, 'w', 71, 23, 225, 55, 'a', 41, 'a', 217, 'w', 43]
