Game 1
5264
7627
6979
6727
9257
4210
5668
6038
7019
3722
6965
6687
8820
4917
7996
5137
7746
6204
7697
9149
7507
6464
8640
8197
6821
7764
7565
10798
10697
5643
11017
5748
10654
6613
10357
9032
9271
14473
16728
22423
22618
26843
26671
45633
46989
0
['s', 231, 's', 'w', 23, 91, 59, 'w', 'd', 127, 's', 'w', 'd', 235, 's', 227, 'a', 223, 'a', 255, 's', 173, 19, 'sa', 'a', 53, 'w', 105, 47, 'd', 95, 'a', 69, 'a', 73, 'w', 141, 'w', 137, 'w', 'w', 'a', 'w', 's', 123]
Game 2
4988
7442
7236
8298
8314
3797
5806
3373
4133
3401
3778
4116
5247
6180
6692
7066
6720
6698
6719
5929
5904
7778
9080
7672
10214
14576
15019
0
['s', 121, 's', 'w', 127, 75, 'd', 79, 193, 11, 163, 55, 99, 153, 'a', 37, 61, 81, 211, 1, 171, 9, 69, 's', 143, 'a', 139]
Game 3
5660
7543
8449
8171
8777
9279
10830
10693
13088
15539
14704
9215
12189
11569
10091
9967
7660
5622
6357
5102
5262
5106
5522
4322
5500
7363
8499
9052
9046
0
['s', 83, 's', 'w', 's', 'w', 's', 'w', 's', 227, 9, 179, 159, 223, 155, 205, 51, 187, 97, 167, 55, 111, 59, 65, 1, 217, 3, 'sa', 191]
Game 4
5037
7259
8502
6551
6039
4283
5587
6107
6328
6539
5748
4067
6967
2995
4615
3736
4588
6351
3059
4090
4123
4294
4446
5385
3424
5725
6439
7326
7609
1
['s', 109, 23, 159, 61, 163, 'a', 'w', 's', 'w', 121, 155, 'a', 71, 's', 137, 65, 55, 85, 235, 181, 265, 229, 251, 211, 'w', 97, 'a', 257]
Game 5
5470
7561
7926
8265
9044
9800
11078
6216
9453
6889
8193
5273
5300
7288
6084
6982
6665
7820
9576
8036
8211
9327
8868
8209
5724
7245
7312
7027
7143
6881
8124
18352
20750
21166
0
['s', 63, 's', 'w', 's', 'w', 25, 263, 21, 259, 'd', 267, 's', 'w', 11, 'a', 17, 'd', 223, 'd', 's', 215, 31, 213, 161, 'd', 115, 147, 79, 209, 193, 141, 'w', 73]
