Game 1
5138
7747
6970
5595
5842
3812
3295
4865
5169
5794
5612
6056
4516
7328
8637
7918
9060
7508
7156
8584
8538
7766
6543
6044
5657
6504
6439
5737
6111
6727
8005
8651
0
['s', 201, 23, 159, 'd', 163, 87, 'w', 's', 'w', 's', 'd', 181, 'a', 177, 'd', 247, 's', 249, 31, 113, 107, 195, 183, 51, 39, 'w', 19, 65, 257, 'w', 13]
Game 2
5225
7496
7473
8225
9188
6264
5813
6012
6421
5160
6942
3420
5285
3373
6536
7286
6160
5334
5667
6529
5871
6413
6029
7272
4931
4023
4277
4671
3447
3892
6449
8221
9119
1
['s', 121, 's', 'w', 57, 159, 95, 91, 31, 'd', 'd', 45, 'a', 39, 107, 17, 99, 153, 'd', 3, 'w', 261, 'a', 189, 175, 'a', 211, 'd', 247, 'w', 9, 'a', 195]
Game 3
4945
7238
7996
8421
8772
6209
6326
6905
7363
5534
7276
5830
5626
5850
7658
8123
6342
5257
3100
4284
3288
4943
5542
4882
5146
4908
4954
4734
6194
6066
6409
6570
6557
6556
7447
7336
0
['s', 71, 's', 'w', 59, 161, 's', 'w', 89, 109, 'd', 113, 179, 45, 'a', 51, 227, 'a', 223, 'a', 171, 'a', 151, 'w', 257, 'w', 199, 'a', 209, 25, 'w', 21, 'a', 133, 'w', 29]
Game 4
5222
7393
5733
3600
6038
3893
4999
4359
6371
4822
6534
4758
5319
3912
5445
5691
6254
6808
6447
6264
5562
4749
5443
5410
7126
1
['s', 159, 25, 163, 121, 107, 63, 'w', 's', 199, 'd', 167, 17, 39, 99, 153, 145, 95, 15, 'd', 213, 41, 265, 149, 13]
Game 5
5451
3921
5138
4608
3797
3221
3782
3657
4285
2580
4083
4417
5195
5652
4957
5803
5418
6138
5751
5862
5177
4755
4552
7761
8923
0
[127, 'a', 123, 'w', 119, 231, 97, 235, 's', 113, 65, 45, 'd', 25, 'a', 141, 209, 259, 193, 41, 139, 269, 1, 55, 13]
