Game 1
5020
7337
7425
4011
5001
6031
6519
5742
7004
6319
5752
4386
5933
4713
7495
2361
6460
6397
7212
7466
7105
6804
6534
10545
12483
10915
12333
9387
14850
13814
14209
0
['s', 191, 25, 59, 'a', 'w', 's', 'w', 's', 229, 159, 187, 's', 111, 85, 177, 29, 91, 51, 105, 7, 137, 'a', 47, 15, 'd', 17, 'a', 163, 'w', 99]
Game 2
5059
3382
5109
5121
3447
3364
4251
5270
3208
3992
4902
4879
5204
5505
5412
3370
4877
5709
5539
5460
5747
4194
4885
4254
6600
7025
6668
6483
6192
5684
5669
7632
8807
0
[125, 'd', 265, 'a', 161, 155, 261, 'd', 251, 269, 's', 'a', 's', 'a', 'd', 95, 'a', 'a', 'a', 73, 'd', 91, 'a', 57, 71, 1, 165, 227, 53, 3, 119, 25, 65]
Game 3
5615
7244
7516
6780
9887
4326
5096
5071
6308
6512
4358
6398
8485
8069
9784
7707
7446
8441
9278
9116
9359
7717
8124
7582
6837
6764
7770
9581
5116
5337
5215
5632
5845
5793
0
['s', 225, 's', 'w', 59, 195, 21, 'w', 's', 'd', 63, 'd', 31, 'w', 171, 'd', 99, 'a', 's', 163, 111, 255, 125, 159, 17, 155, 95, 207, 'a', 105, 'd', 89, 'a', 103]
Game 4
5120
3506
3404
3177
3388
4362
2594
4384
4954
5212
6208
5995
7004
6619
6719
5939
6427
5110
5047
4344
4247
2523
4695
4622
4817
4969
5337
0
[125, 231, 263, 155, 159, 'd', 251, 'a', 245, 147, 's', 'd', 's', 77, 129, 255, 'w', 269, 97, 259, 'd', 179, 51, 9, 55, 1, 73]
Game 5
5156
7333
8044
8134
8313
8555
11377
6357
9930
7410
8780
4959
6497
7044
7250
7959
5829
8608
9862
4455
5405
4231
4564
4517
4856
4907
4460
4822
5247
6536
8601
9394
8857
14900
19110
14187
22823
19228
30116
53189
55678
57016
61638
1
['s', 209, 's', 'w', 's', 'w', 25, 263, 21, 259, 'd', 267, 'd', 'w', 's', 'd', 29, 'd', 's', 217, 163, 197, 167, 255, 17, 157, 'a', 39, 'a', 143, 'w', 'a', 'd', 'a', 229, 'w', 223, 'd', 53, 'd', 'd', 'd', 65]
Game 6
4657
7254
6304
5827
6747
3266
5481
5021
6736
5134
6543
5076
6896
2635
3908
3974
4513
3701
4511
4829
4635
4160
4305
3959
4903
5047
5175
1
['s', 161, 's', 'a', 157, 199, 'd', 129, 153, 79, 29, 'd', 's', 125, 99, 59, 11, 73, 181, 53, 247, 235, 227, 171, 209, 'a', 257]
Game 7
5013
7455
8187
5648
5807
4804
4493
5533
6726
5451
6055
5321
5556
6307
7217
7460
7756
7090
5746
5314
3757
4547
4372
5452
5969
5861
0
['s', 119, 25, 161, 21, 157, 63, 265, 87, 'w', 's', 'w', 179, 's', 247, 77, 211, 91, 123, 57, 193, 269, 11, 127, 'a', 131]
Game 8
5586
7409
7906
5854
5965
4510
5301
3681
5752
5627
4692
6454
7245
5917
7009
5668
5903
5739
5529
5147
4924
6975
8136
8855
8923
1
['s', 117, 25, 161, 55, 157, 29, 165, 's', 'a', 51, 187, 65, 45, 47, 223, 139, 267, 219, 1, 123, 3, 'd', 'd', 137]
Game 9
5227
7281
7926
8219
8874
9157
10881
9622
13622
16000
14835
10846
12240
11179
11666
12000
11015
7387
7931
7220
7596
6192
6667
6220
6123
4651
4437
6699
7437
8810
8729
0
['s', 241, 's', 'w', 's', 'w', 's', 'w', 's', 227, 233, 265, 161, 'a', 157, 213, 255, 223, 'w', 197, 153, 149, 143, 81, 191, 95, 73, 129, 1, 'a', 59]
Game 10
5001
7152
7781
8222
9138
8528
10627
9526
12988
15641
15002
13050
14235
10277
12033
9530
10198
7702
10025
10222
9297
8095
8718
7562
8944
8286
8006
11627
12666
10931
12233
10307
13187
10131
13215
20074
24700
32384
50360
1
['s', 17, 's', 'w', 's', 'w', 's', 'w', 's', 261, 59, 'w', 239, 213, 21, 211, 'w', 197, 'a', 257, 'a', 221, 'd', 143, 93, 45, 29, 115, 111, 's', 265, 'd', 99, 'a', 55, 'w', 'w', 'w', 41]
