Game 1
5235
7222
8674
8320
9293
9144
10434
11436
12850
15506
14946
13377
12854
10745
11848
10338
10703
10862
10313
8571
6775
6365
6410
5712
5456
4896
4532
3747
4944
4973
1
['s', 173, 's', 'w', 's', 'w', 's', 'w', 's', 261, 93, 229, 155, 'w', 109, 'w', 79, 177, 63, 181, 111, 199, 31, 269, 49, 265, 151, 209, 123, 223]
Game 2
5127
3483
6015
3675
6671
6764
5543
5155
4758
6234
4157
5672
4856
3759
3325
5036
3771
4985
4439
4672
6459
5156
7434
7041
5633
5765
4952
5639
4936
4332
4084
4501
4837
4657
7764
8237
8979
9098
9937
10131
0
[125, 'w', 's', 'd', 27, 'w', 'd', 61, 129, 269, 31, 'a', 121, 265, 51, 'd', 23, 'w', 19, 'w', 41, 'd', 77, 73, 'a', 'a', 's', 'a', 's', 221, 'a', 225, 'w', 5, 'w', 97, 's', 217, 's', 261]
Game 3
5375
7355
8100
8505
9445
6330
7639
3715
3506
6181
6355
7669
3941
7652
9185
8792
9234
7620
4248
6612
6946
7514
3632
5363
5219
5484
5967
7823
9040
1
['s', 183, 's', 'w', 57, 261, 'd', 163, 193, 'w', 's', 'a', 209, 'd', 's', 111, 197, 113, 251, 43, 7, 45, 229, 29, 257, 65, 119, 97, 123]
Game 4
5002
7378
8057
5409
5747
5451
7603
6457
7627
6037
6105
6387
7208
3830
5761
4074
6447
5489
5549
3715
4974
5744
5196
4901
5871
5559
6108
5181
6604
7353
7576
0
['s', 185, 23, 159, 'd', 'w', 's', 'd', 27, 163, 's', 'w', 133, 113, 121, 141, 183, 93, 85, 73, 'a', 75, 235, 187, 209, 53, 's', 'a', 227, 'd', 17]
Game 5
4799
7132
6455
6083
7460
5817
7354
4839
6380
6543
6172
8190
8523
4579
5002
5235
6634
5750
6949
4458
6233
3046
4882
4021
5082
5650
5109
4361
5390
7047
7299
6499
8447
7763
9817
10028
11998
11092
11971
12255
11698
1
['s', 161, 's', 'w', 'a', 'a', 225, 157, 's', 'a', 241, 255, 125, 111, 211, 'd', 97, 's', 'w', 43, 129, 153, 'w', 7, 's', 139, 'd', 27, 'w', 269, 165, 'd', 'w', 'w', 213, 'w', 'd', 'w', 181, 'a', 65]
Game 6
5346
7427
6023
4772
7081
3744
6330
3619
4099
5012
4930
3464
3210
4190
3162
4315
3769
4385
4844
5205
5063
4790
6003
6116
5652
6556
5085
6314
6981
7167
1
['s', 161, 'a', 'a', 259, 123, 85, 89, 245, 41, 109, 21, 181, 'a', 209, 'a', 223, 'w', 171, 81, 61, 113, 167, 117, 'a', 'd', 's', 1, 'w', 53]
Game 7
5023
7463
7054
6287
8922
5645
3841
7062
4979
6008
6372
6475
8643
6472
3755
8177
8891
9299
9372
7019
8110
4359
6135
6722
6507
6180
5764
8995
9444
10935
11473
0
['s', 265, 's', 'w', 's', 261, 229, 257, 191, 'a', 's', 'w', 's', 179, 161, 'd', 'sa', 207, 157, 247, 119, 221, 43, 225, 1, 47, 3, 215, 5, 'w', 55]
Game 8
5597
7443
7555
8025
8625
9333
11786
10506
13330
15473
14969
11177
12297
10707
10850
10403
10664
7556
9523
9600
9105
8034
7802
7287
6974
10084
11369
8407
11331
9661
16060
17748
22330
0
['s', 53, 's', 'w', 's', 'w', 's', 'w', 's', 263, 147, 211, 161, 215, 'wa', 225, 'a', 221, 69, 201, 125, 39, 139, 81, 91, 131, 1, 'a', 3, 'w', 7, 'd', 9]
Game 9
4694
7278
6443
6029
7058
6392
8084
4985
5542
6925
7819
5965
7428
6011
6628
5194
5453
3768
2418
4034
4565
3417
3142
3164
3356
3492
1
['s', 161, 's', 'a', 259, 'a', 'a', 157, 241, 153, 205, 'd', 29, 197, 95, 201, 263, 165, 99, 89, 1, 41, 267, 25, 193, 105]
Game 10
4928
7280
6471
5926
6708
6022
7911
4742
4277
5605
7386
3807
6117
4488
7103
2547
5376
5567
6251
7494
7049
8470
7593
8000
7452
7219
7003
8951
7663
5854
7877
6250
8145
9343
9368
0
['s', 161, 's', 'a', 191, 'd', 'd', 165, 229, 'a', 'd', 235, 's', 'w', 'd', 185, 'a', 109, 'a', 41, 53, 103, 39, 63, 153, 111, 11, 91, 209, 's', 79, 'd', 215, 'w', 9]
