Game 1
5469
7436
7293
8743
9974
9736
10412
6506
7999
4146
6724
8304
7299
5862
7517
4324
6080
6837
7139
7703
7539
7821
7578
5903
6434
7671
7461
6458
7928
6790
9605
11361
12139
0
['s', 37, 's', 'w', 's', 'w', 91, 159, 95, 111, 'a', 'w', 87, 155, 'a', 255, 29, 259, 'a', 263, 'a', 119, 99, 211, 61, 205, 35, 'a', 15, 'a', 229, 'a', 5]
Game 2
5337
7754
7529
6969
9416
4292
5334
4652
3632
7317
9366
7574
9190
7753
7811
8015
8109
6828
7557
6748
6586
6895
6902
9230
8824
9760
10862
10998
10344
12740
11431
14441
18347
32122
1
['s', 259, 's', 'w', 25, 195, 211, 'w', 215, 's', 7, 19, 209, 's', 29, 267, 39, 'a', 171, 189, 51, 91, 1, 77, 'w', 'd', 'd', 'd', 's', 129, 'd', 81, 'w', 165]
Game 3
5123
7520
7936
8274
8840
9861
11658
11210
14229
16031
15178
11296
11579
9624
11647
6281
7752
6878
7221
7090
7361
2902
6944
8257
8497
12474
15539
12737
11369
10890
15928
12972
17325
15851
13924
12098
15284
14583
15399
0
['s', 243, 's', 'w', 's', 'w', 's', 'w', 's', 261, 111, 213, 161, 175, 125, 195, 'a', 223, 'w', 199, 'd', 149, 'a', 105, 'w', 107, 1, 'a', 3, 'd', 5, 'd', 27, 'a', 23, 'd', 31, 'd', 95]
Game 4
4821
7414
6533
4592
5673
4912
6197
5696
7375
6148
8132
4607
5878
2911
5107
5661
6898
7725
6854
7233
6456
6334
6083
5661
5417
5791
5748
6258
6987
7799
8136
1
['s', 95, 261, 57, 243, 189, 'd', 'd', 's', 'w', 'a', 91, 'd', 45, 29, 43, 'w', 167, 115, 113, 231, 223, 227, 255, 87, 'd', 217, 's', 51, 'd', 199]
Game 5
5688
7290
8052
6988
8908
8179
10199
6398
3767
4097
4442
9225
7942
4163
4727
5753
3374
4136
3806
6918
7605
6613
6428
7782
7665
7368
6928
6590
6230
9974
13173
15974
16765
18439
18822
20791
21187
23434
23955
27773
28406
32622
33233
37477
38112
47024
49042
54646
56696
59801
59579
75343
77703
1
['s', 225, 's', 'w', 's', 'w', 's', 229, 'd', 233, 193, 269, 's', 255, 's', 'd', 199, 'd', 133, 165, 161, 'd', 151, 109, 41, 73, 261, 265, 179, 1, 45, 's', 'd', 'a', 'd', 'a', 'd', 'a', 's', 'a', 'a', 'a', 'a', 'a', 'a', 'a', 'a', 'a', 'a', 'w', 'a', 'w', 's']
Game 6
5055
7370
7835
6634
9587
5760
3735
3522
3980
7274
4027
7766
3709
7635
4398
7601
7569
8848
9097
8559
9208
6796
5500
4278
4427
5672
6120
6005
6651
6440
5691
6230
7153
7125
0
['s', 259, 's', 'w', 's', 263, 'd', 267, 193, 'w', 213, 'a', 175, 's', 155, 'a', 51, 'w', 'd', 235, 173, 231, 55, 105, 59, 's', 63, 97, 3, 113, 'd', 117, 'a', 181]
Game 7
5322
7642
7156
5276
6134
6206
6175
6247
5382
5919
6275
6607
8000
6859
7574
7103
8083
7114
6988
6434
5865
5677
8994
12942
14383
14886
1
['s', 231, 25, 161, 's', 'a', 21, 157, 85, 'd', 131, 253, 17, 'd', 251, 143, 59, 113, 107, 81, 45, 3, 175, 41, 's', 249]
Game 8
5120
7398
6681
3751
6152
3795
5017
5630
6315
6296
7008
6971
8357
7935
9485
7434
3373
7039
4168
9062
8587
7308
5247
4841
5256
4794
4226
4782
5382
6399
7477
1
['s', 163, 261, 91, 243, 189, 'd', 'd', 's', 'w', 's', 'w', 's', 'w', 'a', 159, 183, 'a', 175, 113, 97, 107, 31, 127, 27, 83, 13, 269, 23, 87, 53]
Game 9
5165
7312
7728
5745
5152
5473
6250
4557
5637
2576
3913
4179
3263
3580
3590
3336
3799
3142
3338
3292
3236
3476
3475
3712
3744
3816
3918
4039
4042
1
['s', 53, 23, 159, 61, 57, 31, 43, 27, 119, 17, 189, 155, 105, 163, 235, 'a', 231, 227, 79, 209, 'a', 'a', 'a', 'a', 'a', 'a', 'a', 221]
Game 10
5019
7813
7886
6687
9210
5319
3532
6562
5362
7054
7428
9031
9356
8377
8676
7899
7126
6725
6284
6117
5823
5526
4832
11584
12679
1
['s', 259, 's', 'w', 's', 263, 229, 'a', 225, 233, 241, 49, 7, 269, 167, 173, 37, 91, 19, 55, 181, 111, 29, 153, 143]
