Game 1
2786
2908
3932
3628
5204
3232
5646
3449
5997
6528
11819
8231
12205
8725
11747
10155
11493
10235
11104
6682
8973
2112
7931
8513
7701
7318
4400
1264
291
392
708
2260
2590
3518
3477
3887
3976
3988
4232
4577
4440
4938
4983
5510
5478
5409
5268
5287
5501
5373
4975
5409
5338
5191
5462
5398
5511
5904
6990
7361
7342
7044
7675
8277
8329
8220
9283
10005
8656
8463
7680
8089
8589
8444
7533
8253
8352
8209
6845
7473
8540
8044
6994
7375
6270
5885
5037
5650
6311
5825
5138
5614
6188
5882
5109
5507
5205
4948
5165
5243
4869
5197
5119
4947
4921
5335
5636
5910
7066
6837
7903
8264
7883
7677
7921
8259
9852
9213
8276
8617
9840
9208
7894
8234
7955
7840
8049
8812
9652
9372
7714
8360
7797
7796
8130
8736
7890
7736
6987
7580
6502
6252
7135
7480
7942
7648
8266
8591
7886
7800
8005
8743
9592
9375
7718
8398
6871
6947
6678
7331
6532
6219
7094
7443
7989
7698
6900
7570
7761
7780
8069
8755
9600
9346
7670
8355
9583
9336
8035
8730
8004
7502
7092
7463
6530
6398
5084
5532
5049
4862
4700
4955
4774
4595
4693
4971
4928
4923
5185
5509
6326
6409
6744
7308
7906
7593
7884
8199
9752
9128
7843
8151
9800
9132
8237
8538
7991
7535
8215
8489
7872
7738
6629
7293
7779
7773
7689
8345
7693
7759
7075
7316
6475
6252
7064
7581
7700
7648
6905
7578
7859
7674
7056
7296
7974
7529
8186
8525
7865
7613
7847
8165
7901
7779
6864
7548
7817
7698
6890
7548
8008
7476
7101
7426
7899
7601
7866
8133
9763
9086
7875
8115
9738
9084
7857
8083
6959
6933
7591
8343
9465
9337
12031
10590
8128
9321
8018
8729
7717
7751
6915
7542
7809
7703
8018
8716
9472
9366
7611
8363
7921
7506
6825
7123
7002
6915
7613
8309
7722
7759
6892
7549
7671
7761
7613
8336
7883
7517
7846
8125
6985
6753
7817
8075
7889
7772
7884
8682
7808
7673
7997
8679
7783
7670
6884
