Game 1
5424
7575
7886
8243
8616
9755
11286
10485
13288
15774
14787
9034
11275
8788
7694
6657
7927
7524
7959
7655
7198
6838
6458
6049
5694
11863
14531
27308
43685
1
['s', 15, 's', 'w', 's', 'w', 's', 'w', 's', 227, 27, 213, 125, 175, 159, 195, 163, 199, 167, 1, 221, 3, 267, 5, 111, 7, 43, 'a', 63]
Game 2
5510
7426
7702
6805
8959
5901
3721
4585
6087
4558
5468
6535
6364
4405
5507
4197
6733
7643
7730
8095
7712
9431
9859
7293
8769
4715
10278
5457
11494
10790
10861
11305
11603
12643
12829
0
['s', 265, 's', 'w', 's', 261, 161, 109, 55, 111, 'w', 157, 'd', 269, 'a', 41, 'd', 257, 63, 247, 15, 1, 201, 'w', 105, 'a', 27, 'w', 177, 's', 51, 's', 'd', 'd', 147]
Game 3
5246
7679
7499
7313
8576
9348
10637
9893
13013
15461
14959
15234
14218
15357
11299
8039
9574
9321
9217
8354
7887
7599
7194
6447
6833
5888
5053
5280
5724
6278
6307
1
['s', 191, 's', 'w', 's', 'w', 's', 'w', 's', 263, 's', 211, 229, 267, 23, 217, 27, 149, 19, 13, 31, 57, 143, 49, 127, 163, 75, 's', 39, 'w', 173]
Game 4
5209
7205
7505
6895
9397
5977
3816
3401
3875
7839
3921
8822
4839
8113
4811
8411
5980
8643
9921
8893
8072
10090
9783
8723
6266
4833
4860
4017
4950
4303
5987
4250
6830
8951
0
['s', 265, 's', 'w', 's', 261, 'a', 257, 'a', 'w', 's', 'w', 125, 'w', 111, 'a', 141, 's', 177, 's', 209, 187, 269, 155, 129, 105, 31, 37, 27, 19, 'w', 13, 65, 247]
Game 5
5832
7389
7531
8325
8879
9585
11064
10430
13622
15515
14692
11076
12389
9646
11654
8290
9857
8102
7959
8135
7704
7186
7138
7593
6591
6689
6138
9227
9539
9553
9283
10101
10198
0
['s', 69, 's', 'w', 's', 'w', 's', 'w', 's', 227, 1, 213, 161, 223, 91, 265, 257, 'a', 157, 171, 'w', 269, 'a', 173, 3, 125, 133, 143, 5, 'as', 7, 'd', 209]
