Game 1
2728
3317
4476
5776
7281
9463
8637
3654
8608
11244
11296
10760
9808
15005
22465
19846
19393
14167
8728
1
['w', 'w', 261, 'w', 229, 'w', 225, 221, 215, 143, 11, 41, 179, 121, 'w', 'w', 'd', 'd', 'w']
Game 2
2460
3376
4037
5364
3445
7875
3404
11181
8594
7992
10732
10964
14522
3785
7731
4770
18918
18414
0
['w', 'w', 229, 225, 'w', 233, 221, 241, 181, 17, 41, 63, 269, 'w', 'w', 'd', 'w', 'w']
Game 3
2663
3398
4133
5602
6536
6664
3154
10007
9592
11410
8350
9248
10923
10317
12929
4337
3076
5863
23178
25589
17889
20878
17853
0
['w', 'w', 227, 'w', 195, 175, 213, 'w', 189, 269, 147, 'd', 73, 185, 131, 'a', 'a', 'w', 'w', 'd', 'd', 'w', 'w']
Game 4
2528
3409
4031
2969
7376
9227
9209
14054
14453
13388
12164
12149
11355
10600
17503
6028
18437
23838
16149
0
['w', 'w', 'w', 'w', 'w', 227, 231, 183, 129, 117, 175, 107, 25, 261, 159, 'w', 'd', 'd', 'w']
Game 5
2740
3592
4810
6759
5115
5647
6573
1894
9033
9157
7181
7514
10178
8998
15469
15770
16662
18237
13073
17656
0
[267, 'w', 'w', 263, 259, 'w', 211, 215, 29, 147, 143, 117, 25, 'w', 'w', 'w', 'a', 'a', 'w', 'w']
