Game 1
2773
3566
4207
5872
6545
6830
5365
8753
11071
11380
9735
11333
10167
9757
11726
2697
2559
4140
14051
20967
18366
17699
0
['w', 'w', 227, 'w', 231, 'w', 175, 179, 1, 'a', 107, 147, 29, 183, 3, 'w', 'w', 'a', 'a', 'd', 'w', 'w']
Game 2
2695
3647
4795
5930
3948
6928
4167
13508
11484
12703
11886
11649
9774
8913
11693
3426
3471
5758
10360
18863
8868
25410
19728
0
['w', 'w', 229, 225, 'w', 'w', 181, 195, 173, 55, 'd', 199, 153, 175, 219, 'w', 'd', 'a', 'd', 'a', 'd', 'w', 'w']
Game 3
2698
3650
4360
5774
7480
7808
7235
1624
8467
8538
6233
7400
10455
13876
15213
24316
18220
26857
16101
0
['w', 261, 'w', 'w', 265, 257, 217, 207, 65, 175, 201, 163, 235, 'w', 'w', 'w', 'd', 'w', 'w']
Game 4
2711
3576
4133
6214
7639
8022
1978
6964
4818
6386
8390
7929
7108
3694
2622
4261
8611
16107
18023
27629
20228
0
['w', 261, 'w', 'w', 265, 209, 269, 141, 1, 235, 13, 73, 179, 'w', 'w', 'w', 'd', 'd', 'a', 'w', 'w']
Game 5
2580
3561
4783
5633
6111
10040
4053
11997
12803
12460
12048
11020
11118
10861
18148
35809
18198
19107
16994
0
['w', 'w', 227, 263, 'w', 'w', 175, 179, 85, 'a', 5, 155, 133, 187, 167, 'w', 'a', 'w', 'w']
