Game 1
8444
6119
11431
12995
14454
15700
16094
15469
15737
1
['s', 246, 23, 212, 's', 178, 's', 144, 's', 110, 's', 76, 27, 42, 's', 40, 's']
Game 2
7751
6102
12186
7667
11070
11943
13064
11828
13400
12456
11632
10787
19420
3790
4145
23863
20449
33869
34710
26439
1
['s', 246, 25, 212, 21, 178, 29, 144, 's', 110, 's', 76, 37, 42, 43, 76, 209, 110, 73, 112, 65, 78, 15, 112, 221, 146, 'a', 144, 's', 142, 'd', 140, 's', 106, 'd', 104, 's', 70, 's']
Game 3
7625
6275
11786
13081
14587
15444
16101
16459
1
['s', 246, 25, 212, 's', 178, 's', 144, 's', 110, 's', 76, 's', 42, 's']
Game 4
7908
6691
11262
6821
10292
6200
8155
10922
12475
11613
17988
19101
16865
21618
21871
23361
18201
16641
7346
7070
0
['s', 246, 25, 212, 21, 178, 29, 144, 17, 110, 11, 76, 79, 110, 147, 144, 225, 178, 183, 212, 's', 214, 77, 216, 'a', 182, 's', 148, 's', 114, 's', 80, 's', 46, 'a', 48, 'd', 50, 'd', 16]
Game 5
7784
6344
11426
12952
9143
10195
2430
6499
12818
12631
11276
10956
11579
10549
10551
16647
3936
11350
19718
23072
1
['s', 246, 25, 212, 's', 178, 57, 144, 's', 76.0, 's', 74.0, 73, 76.0, 77, 110.0, 49, 178.0, 45, 110.0, 'a', 144.0, 's', 142.0, 241, 140.0, 87, 106.0, 239, 104.0, 17, 102.0, 's', 68.0, 'a', 34.0, 's', 36.0, 's']
Game 6
7735
7104
11603
13179
5977
11733
13667
13920
13304
14092
14387
13452
12980
12534
21349
27358
36547
32281
30744
1
['s', 246, 23, 212, 's', 178, 27, 144, 19, 110, 's', 76, 's', 42, 13, 40, 37, 74, 's', 76, 209, 78, 45, 112, 113, 110, 111, 108, 165, 106, 'a', 104, 'd', 70, 's', 36, 's']
Game 7
7382
5557
11532
13158
5341
12513
13623
11728
13160
12144
12619
12141
11235
18743
21607
39255
33220
36669
27214
1
['s', 246, 23, 212, 's', 178, 27, 144, 19, 110, 's', 76, 43, 42, 35, 76, 199, 110, 's', 112, 31, 110, 227, 108, 79, 106, 71, 140, 's', 138, 'd', 104, 'd', 102, 's', 68, 's']
Game 8
7700
6562
11660
13252
6093
11883
13347
13716
13277
13774
12909
11960
11645
19390
3860
3749
7120
12443
38609
34976
37815
24568
1
['s', 246, 23, 212, 's', 178, 27, 144, 19, 110, 's', 76, 's', 42, 45, 40, 35, 74, 109, 108, 231, 106, 99, 104, 85, 106, 249, 72, 'd', 74, 'w', 76, 's', 110, 's', 112, 'a', 114, 'a', 80, 's', 46, 's']
Game 9
7083
6440
11360
13000
14855
15708
16101
14892
15056
14388
13787
13651
12854
11999
21355
29492
31604
27140
1
['s', 246, 23, 212, 's', 178, 's', 144, 's', 110, 's', 76, 43, 42, 5, 76, 3, 74, 55, 72, 17, 106, 49, 108, 171, 110, 35, 112, 27, 78, 'd', 44, 's', 46, 's']
Game 10
7794
6623
11089
12856
14906
15640
16151
15181
14798
14212
13514
13726
1
['s', 246, 25, 212, 's', 178, 's', 144, 's', 110, 's', 76, 57, 74, 73, 76, 133, 78, 29, 44, 's', 42, 's']
Game 11
7643
6587
11833
13235
14492
15418
16273
15041
14881
13886
13741
13149
12522
11610
24911
12167
0
['s', 246, 23, 212, 's', 178, 's', 144, 's', 110, 's', 76, 43, 42, 19, 40, 185, 38, 35, 72, 11, 106, 247, 104, 65, 102, 251, 68, 193, 34, 's', 0]
Game 12
7444
6512
11500
13156
14881
15605
16253
16435
1
['s', 246, 23, 212, 's', 178, 's', 144, 's', 110, 's', 76, 's', 42, 's']
Game 13
7108
6780
11493
13370
15096
15787
16111
15160
15624
1
['s', 246, 23, 212, 's', 178, 's', 144, 's', 110, 's', 76, 27, 42, 's', 40, 's']
Game 14
7823
6406
11408
13162
6611
12078
13521
13834
12825
13767
13325
12454
11753
15166
11336
3691
10996
8409
3700
14025
5034
9023
40562
26804
26403
19464
1
['s', 246, 25, 212, 's', 178, 21, 144, 29, 110, 's', 76, 's', 42, 41, 44, 47, 78, 115, 112, 191, 110, 267, 108, 171, 74, 17, 108, 'd', 142, 's', 176, 'd', 178, 'w', 180, 'd', 182, 'a', 184, 's', 150, 'a', 116, 'a', 82, 'a', 48, 's', 50, 's']
Game 15
7397
6292
11101
13239
6327
12355
13447
13936
13218
13559
13151
12083
11744
19471
19600
12711
31098
24450
35337
34468
28700
1
['s', 246, 23, 212, 's', 178, 27, 144, 19, 110, 's', 76, 's', 42, 47, 40, 35, 74, 5, 108, 231, 106, 71, 140, 163, 138, 'a', 104, 103, 138, 's', 172, 'w', 170, 's', 136, 'a', 102, 's', 68, 's']
Game 16
7331
6591
11692
12869
14439
15718
14896
15300
14410
14673
13561
13406
12752
12144
19933
26036
25226
1
['s', 246, 25, 212, 's', 178, 's', 144, 's', 110, 21, 76, 's', 42, 29, 40, 3, 74, 157, 72, 17, 38, 181, 40, 53, 42, 259, 44, 117, 46, 's', 48, 's']
Game 17
8060
6326
11399
13343
6314
11787
13453
11800
13108
11885
11620
10440
18147
17961
19355
27964
25375
1
['s', 246, 25, 212, 's', 178, 21, 144, 29, 110, 's', 76, 37, 42, 45, 76, 217, 110, 51, 112, 65, 114, 95, 116, 'd', 82, 's', 80, 's', 46, 's', 48, 's']
Game 18
6706
6748
12026
12838
14660
15661
16188
16399
1
['s', 246, 25, 212, 's', 178, 's', 144, 's', 110, 's', 76, 's', 42, 's']
Game 19
7357
6237
11519
13207
6650
12175
13599
11900
13379
12315
10992
11860
17326
3892
2796
3178
3198
3157
2893
16559
16616
13641
1
['s', 246, 25, 212, 's', 178, 21, 144, 29, 110, 's', 76, 39, 42, 45, 76, 235, 110, 43, 108, 17, 110, 261, 112, 113, 146, 'ds', 214.0, 'd', 180.0, 'a', 182.0, 's', 148.0, 'a', 114.0, 's', 80.0, 'd', 46.0, 'd', 48.0, 's']
Game 20
7788
6648
11575
6653
10887
6257
7736
11077
12486
11611
18985
10974
15307
19067
26441
36485
37383
32098
26719
1
['s', 246, 25, 212, 21, 178, 29, 144, 17, 110, 11, 76, 79, 110, 147, 144, 225, 178, 243, 212, 103, 214, 's', 216, 's', 182, 's', 148, 's', 114, 's', 80, 'd', 46, 's', 48, 's']
Game 21
6879
6157
11160
13464
14599
15821
16332
14988
15170
15185
14790
13964
13405
12175
21449
18141
16763
57932
34539
31522
1
['s', 246, 23, 212, 's', 178, 's', 144, 's', 110, 's', 76, 43, 42, 5, 76, 153, 74, 73, 108, 199, 110, 11, 112, 61, 78, 79, 112, 87, 146, 'w', 148, 's', 114, 'a', 80, 's', 82, 's']
Game 22
7200
6626
11145
13024
6612
12392
13575
13959
13276
13764
12656
11834
11136
20228
26952
7311
26297
24618
28214
1
['s', 246, 23, 212, 's', 178, 27, 144, 19, 110, 's', 76, 's', 42, 31, 40, 35, 74, 109, 108, 199, 106, 5, 104, 103, 138, 241, 172, 's', 170, 'a', 136, 'a', 102, 's', 68, 's']
Game 23
7890
6163
11407
6989
11254
6208
7682
9974
11441
10476
16125
6830
3868
16549
21558
8385
21957
31703
25049
1
['s', 246, 25, 212, 21, 178, 29, 144, 17, 110, 15, 76, 83, 110, 111, 76, 53, 78, 153, 112, 113, 78, 's', 80, 's', 114, 's', 148, 's', 150, 's', 152, 'a', 118, 's', 84, 's']
Game 24
8255
6279
11838
12872
14870
15510
16155
15508
15762
1
['s', 246, 23, 212, 's', 178, 's', 144, 's', 110, 's', 76, 27, 42, 's', 40, 's']
Game 25
6982
6032
12139
12773
14560
15547
16223
16478
1
['s', 246, 25, 212, 's', 178, 's', 144, 's', 110, 's', 76, 's', 42, 's']
Game 26
7722
6366
11807
13418
6959
11794
12999
11910
13180
11971
10661
11616
19287
17770
19242
18475
18735
14154
1
['s', 246, 23, 212, 's', 178, 27, 144, 19, 110, 's', 76, 47, 42, 35, 76, 151, 110, 9, 112, 65, 110, 215, 108, 143, 106, 'd', 104, 's', 102, 's', 68, 's', 34, 's']
Game 27
7210
6819
11333
7194
11161
6660
7382
9977
11367
10735
16416
8897
8166
19741
24983
30224
38352
32445
26790
1
['s', 246, 25, 212, 21, 178, 29, 144, 17, 110, 15, 76, 83, 110, 111, 76, 11, 78, 171, 112, 113, 78, 'a', 80, 's', 114, 's', 148, 's', 150, 's', 152, 's', 118, 's', 84, 's']
Game 28
8002
6335
11158
13530
9265
10217
7432
2807
10750
12215
10070
11051
9858
18158
3275
3368
3448
10346
28373
24038
1
['s', 246, 23, 212, 's', 178, 59, 144, 's', 76.0, 's', 74.0, 39, 40.0, 41, 74.0, 87, 108.0, 49, 106.0, 103, 108.0, 11, 110.0, 29, 112.0, 113, 78.0, 's', 80.0, 's', 114.0, 'a', 116.0, 'a', 118.0, 's', 84.0, 's']
Game 29
8031
6793
11576
6863
10976
6378
2473
10623
12048
11001
10380
10835
17647
13573
16662
15632
30876
18446
21166
1
['s', 246, 23, 212, 27, 178, 19, 144, 31, 110, 's', 42.0, 41, 110.0, 109, 144.0, 129, 178.0, 137, 176.0, 's', 142.0, 213, 108.0, 's', 74.0, 35, 108.0, 's', 106.0, 's', 104.0, 'a', 102.0, 's', 68.0, 's']
Game 30
8255
5900
12000
6729
11306
12204
13651
13761
13362
14131
13037
11661
11509
19897
4020
7778
28880
30304
25177
1
['s', 246, 25, 212, 21, 178, 29, 144, 's', 110, 's', 76, 's', 42, 3, 44, 47, 78, 257, 76, 125, 74, 17, 108, 183, 110, 91, 112, 's', 114, 'd', 116, 'a', 82, 's', 48, 's']
Game 31
7574
6477
11309
13304
14769
15764
16200
15402
15645
1
['s', 246, 23, 212, 's', 178, 's', 144, 's', 110, 's', 76, 59, 74, 's', 40, 's']
Game 32
6812
6148
11448
13564
7171
12135
13514
13743
13406
13995
12333
12811
11632
14864
36612
32597
30204
15121
1
['s', 246, 25, 212, 's', 178, 21, 144, 29, 110, 's', 76, 's', 42, 7, 44, 15, 78, 159, 80, 65, 78, 263, 76, 99, 74, 37, 108, 's', 106, 's', 104, 'a', 70, 's']
Game 33
8507
5943
11732
13412
9505
10924
9008
3524
12272
12465
12769
11438
12082
11361
15852
17547
32619
28245
11980
1
['s', 246, 23, 212, 's', 178, 59, 144, 's', 76.0, 's', 74.0, 39, 40.0, 9, 74.0, 's', 108.0, 19, 74.0, 115, 76.0, 77, 110.0, 263, 144.0, 87, 146.0, 27, 112.0, 's', 78.0, 's', 80.0, 'a', 46.0, 's']
Game 34
7187
6291
11685
13165
6887
12479
13641
11860
13585
12477
12983
11987
11646
20210
7846
26230
34941
24473
25687
1
['s', 246, 23, 212, 's', 178, 27, 144, 19, 110, 's', 76, 45, 42, 37, 76, 173, 110, 's', 112, 215, 114, 31, 112, 99, 110, 91, 108, 's', 106, 'a', 104, 'd', 70, 's', 36, 's']
Game 35
7571
6366
11486
6766
10710
12756
13139
13865
13422
13916
12929
12495
11898
11007
19448
19339
18529
5807
26369
32302
25926
1
['s', 246, 23, 212, 27, 178, 19, 144, 's', 110, 's', 76, 's', 42, 9, 40, 35, 74, 39, 76, 31, 110, 'w', 108, 167, 106, 71, 140, 'd', 138, 103, 172, 's', 170, 's', 136, 'a', 102, 's', 68, 's']
Game 36
8067
6539
11093
13148
14231
15593
14253
14559
14215
13252
12080
12463
11496
15559
23592
34057
44338
31819
25976
1
['s', 246, 25, 212, 's', 178, 's', 144, 's', 110, 91, 108, 87, 106, 17, 104, 255, 102, 15, 68, 21, 34, 193, 36, 207, 38, 11, 72, 'd', 74, 's', 76, 'd', 78, 's', 80, 's']
Game 37
7420
6802
11644
13424
14861
15471
16192
15359
14652
14789
14612
13323
13234
12286
11693
19609
21942
1
['s', 246, 23, 212, 's', 178, 's', 144, 's', 110, 's', 76, 27, 42, 19, 44, 31, 42, 'd', 40, 107, 38, 35, 72, 175, 106, 139, 104, 219, 102, 's', 68, 's']
Game 38
7576
6139
11690
8136
11316
7996
4504
11366
12767
12312
11213
10515
18621
21286
18365
7450
4383
10175
5898
3897
20308
24314
37259
10131
26804
30951
26627
1
['s', 246, 25, 212, 89, 178, 41, 144, 29, 110, 's', 108, 85, 110, 's', 76, 47, 110, 129, 112, 125, 114, 115, 112, 269, 110, 'a', 108, 's', 106, 'a', 140, 's', 174, 'w', 176, 'a', 178, 'a', 180, 's', 182, 's', 184, 'd', 150, 'd', 116, 'd', 82, 's', 48, 's']
Game 39
7854
6176
11525
6911
11380
6250
2464
10021
12271
11303
10346
14964
8583
9149
15992
16379
22686
13874
1
['s', 246, 23, 212, 27, 178, 19, 144, 31, 110, 's', 42.0, 39, 110.0, 107, 144.0, 189, 178.0, 37, 176.0, 199, 174.0, 57, 140.0, 's', 106.0, 's', 104.0, 's', 70.0, 's', 36.0, 's', 34.0, 's']
Game 40
7648
6838
11456
13241
14518
15542
16051
14924
15081
14413
14036
12863
13107
12250
21512
9697
17705
25907
27529
26697
1
['s', 246, 23, 212, 's', 178, 's', 144, 's', 110, 's', 76, 43, 42, 5, 76, 105, 74, 19, 72, 239, 38, 1, 72, 141, 70, 51, 72, 243, 106, 'w', 108, 's', 110, 'a', 112, 's', 78, 's']
Game 41
7454
6048
11555
13420
6183
12029
13278
13719
13460
13807
12758
11554
11817
19813
18205
12589
30843
30152
26433
1
['s', 246, 25, 212, 's', 178, 21, 144, 29, 110, 's', 76, 's', 42, 3, 44, 45, 78, 257, 76, 223, 74, 17, 108, 145, 110, 199, 112, 's', 114, 'a', 80, 'd', 46, 's', 48, 's']
Game 42
7404
6452
11630
13316
9201
11694
12932
13366
13662
18015
1
['s', 246, 23, 212, 's', 178, 59, 144, 223, 110, 's', 76, 's', 74, 's', 40, 's', 38, 's']
Game 43
7764
6748
11889
12899
14768
15574
16165
15121
15057
14489
13605
13250
12670
13116
21285
19963
50977
19096
16058
43598
48161
27130
26350
18565
1
['s', 246, 25, 212, 's', 178, 's', 144, 's', 110, 's', 76, 57, 74, 39, 108, 249, 106, 53, 72, 167, 70, 17, 68, 189, 34, 3, 68, 197, 102, 'd', 104, 'a', 106, 'a', 108, 'a', 74, 'd', 76, 'a', 78, 'a', 44, 's', 46, 's']
Game 44
7933
6498
11425
13110
8817
11624
11158
6524
11351
12785
11769
10734
16157
3002
3014
3007
3121
2978
2989
2802
4573
16382
13514
1
['s', 246, 23, 212, 's', 178, 59, 144, 27, 110, 's', 76, 55, 74, 51, 76, 79, 110, 261, 178.0, 267, 110.0, 31, 178.0, 89, 110.0, 'a', 144.0, 'a', 146.0, 's', 148.0, 'w', 114.0, 's', 80.0, 's', 46.0, 'a', 44.0, 'a', 42.0, 's', 40.0, 's']
Game 45
7842
6522
11546
13300
7369
12388
13505
13939
14443
14630
13634
12691
12784
12104
29662
19263
32320
21026
29682
23324
34372
27658
25577
25513
1
['s', 246, 23, 212, 's', 178, 27, 144, 19, 110, 's', 76, 's', 42, 's', 44, 45, 42, 149, 40, 175, 38, 1, 72, 217, 70, 37, 68, 51, 102, 'a', 104, 'w', 106, 's', 108, 'd', 110, 'a', 112, 'd', 114, 'd', 80, 's', 46, 's']
Game 46
7800
5961
11094
13167
14429
15391
16256
15184
15158
14228
13505
12651
12124
13133
20821
17712
11781
38681
19427
34840
31346
27448
1
['s', 246, 25, 212, 's', 178, 's', 144, 's', 110, 's', 76, 41, 42, 11, 76, 209, 78, 63, 80, 111, 82, 31, 84, 125, 50, 13, 84, 59, 82, 'w', 80, 'w', 78, 's', 76, 's', 110, 'd', 108, 's', 74, 's']
Game 47
7972
6790
11381
13287
6258
12229
13600
11897
13718
12927
11776
11795
20201
11771
4695
19112
38898
32761
27562
1
['s', 246, 23, 212, 's', 178, 27, 144, 19, 110, 's', 76, 31, 42, 39, 76, 235, 110, 225, 108, 107, 142, 93, 176, 191, 174, 's', 140, 's', 106, 'a', 72, 'd', 38, 's', 36, 's']
Game 48
8012
6907
11870
13420
6745
11022
11924
11839
15051
13429
12884
12246
11258
19815
29067
32652
25441
1
['s', 246, 25, 212, 's', 178, 55, 144, 21, 110, 's', 76, 's', 42, 45, 40, 3, 42, 85, 76, 17, 110, 175, 112, 29, 114, 255, 80, 's', 46, 's', 48, 's']
Game 49
7074
6177
11616
7049
10236
6325
2442
10042
11646
10819
9697
10342
15399
3873
4918
2856
7806
9131
5906
4057
10141
6168
0
['s', 246, 23, 212, 27, 178, 19, 144, 31, 110, 's', 42.0, 37, 110.0, 105, 144.0, 'a', 178.0, 97, 176.0, 141, 210.0, 145, 208.0, 173, 242.0, 's', 240.0, 'd', 206.0, 's', 172.0, 'a', 138.0, 'w', 104.0, 'a', 70.0, 's', 36.0, 's', 34.0, 's', 0.0]
Game 50
7608
6185
11609
12960
6951
12184
13672
13925
14629
14757
13865
14077
13298
12555
21305
24936
27032
1
['s', 246, 23, 212, 's', 178, 27, 144, 19, 110, 's', 76, 's', 42, 's', 44, 13, 78, 5, 80, 31, 78, 141, 76, 215, 74, 63, 72, 75, 38, 's', 36, 's']
