Game 1
26584
28795
33433
25817
33544
33678
30472
26530
32076
28749
30895
28349
38453
35616
28640
26115
25002
28398
28546
30123
31495
54226
55678
55690
60879
58026
58730
59393
62846
63476
67396
68625
72247
73008
82226
83503
92403
94187
103055
104250
111002
111762
120117
122886
135153
136769
171365
180220
0
[127, 259, 89, 'd', 131, 57, 's', 'w', 31, 'a', 123, 255, 119, 9, 27, 39, 17, 167, 113, 267, 181, 263, 'w', 'd', 'a', 81, 'a', 'd', 's', 'w', 's', 'w', 'a', 'w', 's', 'd', 'd', 'd', 'd', 'w', 'd', 'w', 'd', 'a', 'w', 'w', 'w', 185, 46, 44.0, 48, 78.0, 82, 112.0, 116, 110.0, 118, 108.0, 152, 106.0, 150, 104.0, 148, 70.0, 182, 36.0, 216, 38.0, 250, 4.0]
Game 2
26650
25217
32829
39775
33502
35665
27023
32276
34391
29284
20312
19167
19478
19602
42128
23892
81475
47646
99335
80320
138180
174591
191020
0
['s', 'w', 23, 159, 61, 57, 19, 39, 'd', 11, 167, 119, 177, 35, 107, 245, 97, 189, 49, 13, 37, 205, 179, 248, 10, 214, 8, 180, 6, 146, 4, 112, 2, 78, 0, 80, 34, 82, 68, 48, 102, 14]
