Game 1
33770
43586
42498
56357
52778
41527
35377
48124
44112
36641
38956
23435
50740
23364
69457
24659
68592
33310
67061
51101
65929
96332
101958
107114
0
['s', 'w', 25, 161, 55, 59, 29, 45, 'a', 5, 71, 'd', 197, 235, 215, 17, 193, 201, 209, 173, 245, 111, 51, 179, 6, 246, 8, 212, 10, 210, 12, 244, 14, 278, 16, 276, 50, 242, 84, 208, 118, 174, 116, 140, 114, 106, 112, 72, 78, 74, 76, 78.0, 110, 112.0, 144, 114.0, 142, 80.0, 176, 46.0, 174, 48.0, 208, 50.0, 242, 16.0]
Game 2
33725
42515
45170
49321
45366
44912
44621
43479
41878
40757
38742
38287
39836
38801
33806
39816
40022
39741
40273
39490
41305
36507
39382
45756
45044
77460
92623
110935
126671
0
['s', 'w', 23, 261, 27, 265, 19, 257, 31, 269, 'a', 'a', 'a', 'a', 's', 'w', 51, 221, 55, 225, 59, 229, 63, 233, 81, 123, 's', 75, 167, 174, 104, 140, 138, 142, 172, 144, 206, 146, 208, 148, 210, 150, 212, 116, 214, 82, 216, 84, 218, 50, 220, 48, 254, 46, 252, 44, 250, 42, 248, 40, 246, 38, 244, 36, 242, 34, 240, 0]
