Game 1
33787
41923
37678
46380
38325
43557
43574
41970
41689
38936
39180
38781
40621
38839
34455
37887
35973
42278
36978
52515
46610
46601
46083
50179
63625
73271
93137
96326
100434
118778
132940
147530
0
['s', 'w', 25, 263, 21, 259, 29, 267, 17, 255, 'd', 'd', 'd', 'd', 65, 235, 129, 197, 's', 'w', 61, 231, 57, 227, 53, 223, 179, 'd', 's', 'w', 'd', 115, 82, 150, 80, 116, 114, 82, 112, 80, 110, 78, 144, 76, 178, 74, 212, 72, 210, 70, 208, 68, 206, 34, 204, 36, 238, 38, 240, 40, 242, 42, 244, 44, 246, 46, 248, 48, 250, 50, 252, 16]
Game 2
32922
40711
46396
53433
48168
43810
34793
46547
44250
36527
39645
23207
43591
21989
46797
22034
46489
24191
58576
39728
65404
77978
87574
0
['s', 'w', 23, 159, 61, 57, 19, 39, 'd', 11, 65, 119, 155, 123, 163, 109, 197, 201, 227, 13, 31, 43, 193, 244, 10, 242, 8, 208, 6, 174, 4, 176, 2, 178, 0, 180, 34, 182, 68, 184, 102, 150, 104, 116, 106, 114, 108, 112, 74, 110, 76, 74, 110, 108, 144, 106, 146, 72, 148, 38, 150, 36, 184, 34, 182, 0]
