Game 1
27169
26097
29662
39756
26488
35127
35447
33838
32131
31994
28783
30989
31575
30451
24910
30268
26364
28930
29706
28206
30683
24947
30946
32055
30005
50905
64606
91435
0
['s', 'w', 25, 263, 21, 259, 29, 267, 17, 255, 'd', 'd', 'd', 'd', 's', 'w', 65, 235, 61, 231, 57, 227, 53, 223, 71, 129, 147, 77, 114, 214, 116, 180, 150, 146, 184, 144, 218, 142, 216, 140, 214, 138, 212, 104, 210, 70, 208, 68, 206, 34, 204, 36, 238, 38, 240, 40, 242, 42, 244, 44, 246, 46, 248, 48, 250, 50, 252, 16]
Game 2
26379
25535
31089
38196
39731
33431
26514
33095
34077
30812
19770
19238
19325
19238
19624
18568
27390
17729
33409
17641
51741
29287
66773
77945
96758
0
['s', 'w', 25, 161, 55, 59, 29, 45, 'a', 5, 17, 'd', 'w', 167, 231, 153, 65, 51, 213, 115, 249, 183, 193, 157, 189, 282, 8, 280, 10, 246, 12, 212, 14, 210, 16, 208, 50, 206, 48, 204, 46, 170, 80, 172, 114, 174, 148, 176, 182, 178, 180, 182.0, 178, 148.0, 176, 114.0, 174, 80.0, 172, 46.0, 170, 48.0, 204, 50.0, 238, 16.0]
