Game 1
33738
43703
46736
49407
47114
43695
44777
41719
46022
40500
37443
37211
28533
45369
22238
50899
31113
53438
42524
62578
63858
76922
83050
1
['s', 'w', 23, 159, 27, 163, 19, 155, 31, 167, 85, 187, 89, 57, 75, 191, 1, 235, 'd', 199, 13, 97, 93, 212, 78, 178, 80, 176, 82, 174, 84, 172, 118, 170, 152, 136, 150, 138, 148, 140, 146, 142, 144, 146.0, 142, 112.0, 140, 114.0, 138, 116.0, 136, 118.0, 170, 84.0, 172, 82.0, 174, 80.0, 176, 46.0, 178, 44.0, 212, 42.0, 246, 40.0, 280]
Game 2
33861
44555
36335
55221
52633
40694
35888
46289
45002
38008
43619
22792
47225
22762
73693
27841
69869
37311
78367
56913
82309
76712
102530
129304
0
['s', 'w', 25, 161, 55, 59, 29, 45, 'a', 3, 221, 'd', 197, 103, 217, 235, 213, 35, 263, 257, 17, 177, 5, 243, 6, 250, 8, 284, 10, 282, 12, 280, 14, 278, 16, 244, 50, 210, 84, 176, 118, 142, 152, 108, 186, 110, 184, 112, 182, 114, 180, 80, 178, 46, 212, 48, 246, 50, 244, 16]
