Game 1
33451
42720
50518
50945
44930
44736
45378
43169
41792
40078
37555
39689
39922
38107
34227
39595
39570
39315
40047
40584
39523
39695
40338
45254
45117
80916
111249
120119
143119
145639
1
['s', 'w', 23, 261, 27, 265, 19, 257, 31, 269, 'a', 'a', 'a', 'a', 's', 'w', 51, 221, 55, 225, 59, 229, 63, 233, 81, 89, 109, 'd', 'd', 185, 76, 176, 110, 178, 144, 110.0, 146, 144.0, 148, 146.0, 150, 148.0, 152, 150.0, 186, 116.0, 220, 82.0, 254, 84.0, 252, 50.0, 250, 48.0, 248, 46.0, 246, 44.0, 244, 42.0, 242, 40.0, 240, 38.0, 238, 36.0, 272]
Game 2
33427
41109
50733
49088
37584
43809
44365
43179
42138
39540
39487
40931
41422
37928
34583
39067
39913
39409
42235
41894
39218
36817
41894
43551
44018
75255
96883
175670
0
['s', 'w', 25, 263, 21, 259, 29, 267, 17, 255, 'd', 'd', 'd', 'd', 's', 'w', 65, 235, 61, 231, 57, 227, 53, 223, 143, 129, 81, 125, 114, 214, 112, 212, 110, 210, 108, 176, 106, 142, 140, 138.0, 174, 104.0, 208, 70.0, 206, 68.0, 204, 34.0, 238, 36.0, 240, 38.0, 242, 40.0, 244, 42.0, 246, 44.0, 248, 46.0, 250, 48.0, 252, 50.0, 254, 16.0]
