Game 1
33533
42911
42853
53239
48020
44867
45452
44202
49969
40121
37490
37240
21354
55109
22150
62609
36277
84809
68917
107584
133576
146144
1
['s', 'w', 23, 159, 27, 163, 19, 155, 31, 267, 85, 199, 65, 255, 103, 57, 39, 129, 77, 1, 221, 235, 44, 212, 78, 178, 112, 180, 114, 182, 116, 184, 150, 116.0, 184, 150.0, 182, 148.0, 180, 146.0, 214, 144.0, 248, 110.0, 282]
Game 2
33053
42521
42210
53933
49343
44397
35470
48554
44821
37865
39657
24757
44509
24226
64768
25548
79359
38385
91272
44968
84757
68008
150939
172153
175563
176540
184844
0
['s', 'w', 23, 159, 61, 57, 19, 39, 'd', 11, 'w', 119, 177, 29, 163, 229, 245, 123, 65, 141, 215, 37, 77, 's', 'a', 'd', 257, 284, 6, 250, 4, 216, 2, 182, 0, 184, 34, 150, 68, 148, 102, 146, 104, 144, 106, 110, 108, 106.0, 110, 104.0, 144, 70.0, 146, 36.0, 148, 34.0, 150, 0.0]
