Game 1
33727
41415
46894
51552
43304
44795
44659
42897
41745
40130
38587
40818
41672
37768
33839
39880
35678
39587
42774
44670
47036
50462
50172
56457
29278
64693
75262
78128
1
['s', 'w', 25, 263, 21, 259, 29, 267, 17, 255, 'd', 'd', 'd', 'd', 's', 'w', 65, 201, 61, 197, 57, 193, 53, 189, 119, 141, 179, 75, 114, 250, 148, 248, 146, 246, 144, 212, 142, 210, 108, 208, 106, 206, 140, 204, 174, 170, 172, 136, 170, 138, 204, 140, 238, 106, 240, 72, 242, 70, 244, 68, 246, 34, 248, 36, 250, 38, 252, 40, 254, 42, 288]
Game 2
33027
43178
48204
54093
46079
43340
47623
48670
44047
43245
38232
34753
28432
47709
23206
48967
28271
50630
40896
61569
74088
75571
74483
1
['s', 'w', 25, 161, 21, 157, 29, 165, 17, 153, 99, 201, 95, 59, 77, 197, 125, 189, 139, 3, 'a', 261, 15, 212, 74, 178, 108, 180, 106, 182, 140, 184, 142, 186, 144, 152, 146, 150, 148, 146.0, 150, 144.0, 152, 142.0, 186, 140.0, 184, 106.0, 182, 72.0, 180, 38.0, 178, 40.0, 212, 42.0, 246, 44.0, 248, 46.0, 282]
