Game 1
33400
42216
45414
53157
48680
40173
45291
44115
45572
40741
35926
36323
28779
45703
21723
50900
30966
53657
38421
56462
66184
68778
1
['s', 'w', 23, 159, 27, 163, 19, 155, 31, 167, 85, 187, 89, 57, 75, 191, 1, 61, 181, 95, 99, 245, 44, 212, 46, 178, 48, 176, 82, 174, 80, 172, 78, 170, 76, 136, 110, 138, 144, 140, 142, 144.0, 140, 110.0, 138, 76.0, 136, 78.0, 170, 80.0, 172, 82.0, 174, 48.0, 176, 46.0, 178, 44.0, 212, 42.0, 246, 40.0, 280]
Game 2
32854
42496
46178
47701
42877
43285
44526
42526
41970
40832
37880
39175
41648
37706
34051
40295
35374
43247
38438
53828
45820
46452
45479
45437
67035
71079
93400
95747
1
['s', 'w', 25, 263, 21, 259, 29, 267, 17, 255, 'd', 'd', 'd', 'd', 65, 235, 129, 163, 's', 'w', 61, 231, 57, 227, 53, 223, 179, 77, 114, 182, 116, 184, 150, 116.0, 148, 150.0, 146, 148.0, 144, 146.0, 178, 144.0, 212, 110.0, 210, 76.0, 208, 74.0, 206, 72.0, 204, 70.0, 238, 68.0, 240, 34.0, 242, 36.0, 244, 38.0, 246, 40.0, 248, 42.0, 250, 44.0, 252, 46.0, 254, 48.0, 288]
