Game 1
33423
41091
45965
53536
47987
41554
43328
42114
50292
40890
39813
35926
28600
44689
22277
47518
32736
47321
38111
58553
61630
81276
95152
95208
106420
106606
111010
111403
115025
115791
120978
121456
127624
127421
135627
135781
153712
153689
187421
187775
210376
210619
1
['s', 'w', 23, 159, 27, 163, 19, 155, 31, 167, 85, 187, 89, 57, 93, 9, 71, 191, 1, 'w', 245, 145, 'a', 'w', 'a', 'a', 's', 'a', 'd', 'a', 'd', 'a', 'd', 'w', 'd', 'd', 's', 'd', 'a', 'w', 'a', 227, 144, 108, 142, 110, 140, 112, 138, 114, 136, 80, 170, 78, 172, 76, 174, 74, 176, 72, 178, 38, 212, 36, 214, 70, 248, 68, 282]
Game 2
33346
43363
38452
44876
41802
45175
43814
42811
40936
41934
37149
39818
39693
38334
33441
39154
39279
39725
42282
42701
42313
34956
41304
42913
40430
79729
97785
172215
0
['s', 'w', 25, 263, 21, 259, 29, 267, 17, 255, 'd', 'd', 'd', 'd', 's', 'w', 65, 235, 61, 231, 57, 227, 53, 223, 143, 129, 81, 125, 114, 214, 112, 212, 110, 210, 108, 176, 106, 142, 140, 138.0, 174, 104.0, 208, 70.0, 206, 68.0, 204, 34.0, 238, 36.0, 240, 38.0, 242, 40.0, 244, 42.0, 246, 44.0, 248, 46.0, 250, 48.0, 252, 50.0, 254, 16.0]
