Game 1
47529
61239
65503
63077
62691
61329
61070
60193
57805
55826
55365
57547
58012
57106
56306
62440
58039
74046
56461
57211
59301
62388
75989
70585
60270
100588
119582
123158
135268
1
['s', 'w', 25, 263, 21, 259, 29, 267, 17, 255, 'd', 'd', 'd', 'd', 's', 'w', 65, 167, 61, 163, 57, 159, 53, 219, 85, 107, 'a', 149, 155, 182, 76, 180, 74, 178, 72, 176, 106, 174, 140, 172, 138, 170, 136, 102.0, 170, 104.0, 204, 106.0, 206, 72.0, 208, 70.0, 210, 68.0, 212, 34.0, 214, 36.0, 216, 38.0, 218, 40.0, 184, 42.0, 186, 44.0, 220, 46.0, 254, 48.0, 288]
Game 2
46446
61977
70082
75323
67951
58377
56817
68235
81601
81105
82067
64613
90674
57463
47092
49200
71873
82053
87718
70441
95408
67165
70720
78301
80099
87190
89012
93172
93281
96450
97197
99670
100082
0
['s', 'w', 23, 159, 61, 57, 19, 39, 1, 47, 'd', 167, 'w', 163, 51, 29, 155, 221, 'd', 225, 229, 'd', 215, 's', 267, 137, 'd', 'd', 'd', 'd', 's', 'd', 75, 254, 84, 220, 118, 186, 152, 184, 150, 182, 148, 180, 146, 214, 144, 212, 142, 210, 108, 208, 106, 206, 104, 204, 102, 170, 136, 102.0, 170, 104.0, 204, 138.0, 206, 140.0, 172, 142.0, 174, 144.0, 176, 110.0, 178, 112.0, 180, 114.0, 182, 116.0, 216, 82.0, 250, 48.0, 252, 50.0, 254, 16.0]
