Game 1
47615
59898
65475
60300
57787
62542
61475
58433
56984
54834
54927
58013
56257
55719
56424
57851
58306
74788
70637
70354
73809
76279
86343
93502
65726
103435
111673
121814
1
['s', 'w', 25, 263, 21, 259, 29, 267, 17, 255, 'd', 'd', 'd', 'd', 's', 'w', 65, 201, 61, 197, 57, 193, 53, 189, 119, 141, 179, 75, 114, 250, 148, 248, 146, 246, 144, 212, 142, 210, 108, 208, 106, 206, 140, 204, 174, 170, 172, 136, 170, 138, 204, 140, 238, 106, 240, 72, 242, 70, 244, 68, 246, 34, 248, 36, 250, 38, 252, 40, 254, 42, 288]
Game 2
47031
67203
73692
70260
63111
64057
61875
59772
57669
56689
54982
57214
56797
54554
57904
57055
58684
61378
74525
90031
84064
77113
72922
84471
94398
119696
143462
154281
172601
211002
220008
242353
0
['s', 'w', 25, 263, 21, 259, 29, 267, 17, 255, 'd', 'd', 'd', 'd', 65, 235, 129, 197, 's', 'w', 61, 231, 57, 227, 53, 223, 179, 'd', 's', 'w', 'd', 115, 82, 150, 80, 116, 114, 82, 112, 80, 110, 78, 144, 76, 178, 74, 212, 72, 210, 70, 208, 68, 206, 34, 204, 36, 238, 38, 240, 40, 242, 42, 244, 44, 246, 46, 248, 48, 250, 50, 252, 16]
