Game 1
46704
65469
70671
73383
68583
58649
56993
68605
83057
81890
81861
62640
88753
58505
47400
53312
74101
85376
91443
72721
99497
64520
100325
103653
106564
108507
108559
116464
117108
1
['s', 'w', 23, 159, 61, 57, 19, 39, 1, 47, 'd', 167, 'w', 163, 51, 97, 155, 187, 'd', 191, 195, 245, 215, 'd', 265, 'a', 'd', 's', 29, 282, 16, 284, 50, 286, 84, 252, 118, 218, 152, 184, 150, 182, 148, 180, 146, 178, 144, 176, 142, 174, 140, 172, 138, 170, 136, 102.0, 170, 104.0, 172, 106.0, 174, 108.0, 176, 110.0, 178, 112.0, 180, 114.0, 182, 116.0, 216, 118.0, 250, 84.0, 252, 50.0, 286]
Game 2
46620
61756
69583
77647
68978
58856
55737
70061
78602
81274
80043
65540
93940
79505
82337
70992
84877
65465
87234
44923
94520
62695
106014
110503
111153
0
['s', 'w', 23, 159, 61, 57, 19, 39, 1, 47, 'd', 133, 'w', 129, 51, 97, 111, 259, 155, 255, 189, 195, 211, 'd', 199, 214, 12, 216, 14, 218, 48, 220, 82, 186, 84, 184, 118, 182, 116, 180, 114, 178, 112, 176, 78, 174, 76, 172, 110, 170, 144, 136, 142, 102, 140, 104, 138, 106, 136, 108, 170, 74, 172, 76, 174, 78, 176, 112, 178, 114, 180, 116, 182, 118, 184, 84, 186, 50, 220, 16]
