Game 1
47029
59269
67638
76526
72758
57264
56854
69515
81668
78680
74103
71096
86097
57056
46861
52179
79022
84483
90474
70615
96383
68032
67369
78192
80523
104884
109492
0
['s', 'w', 25, 161, 55, 59, 29, 45, 15, 37, 'a', 153, 'w', 157, 65, 87, 165, 235, 'a', 231, 227, 'a', 209, 's', 257, 133, 207, 276, 2, 274, 36, 272, 70, 238, 68, 204, 102, 170, 136, 172, 138, 174, 140, 176, 142, 178, 144, 180, 146, 182, 148, 184, 150, 186, 152, 150, 186, 148, 184, 114, 182, 112, 180, 110, 178, 108, 176, 106, 174, 104, 172, 102, 206, 68, 240, 34, 238, 0]
Game 2
47399
60437
76716
72818
63203
64705
61281
58740
58317
56064
55166
58237
57839
55343
56901
57278
62809
74968
70254
65708
56677
55796
63866
63948
72043
93057
109171
251963
266088
263998
0
['s', 'w', 25, 263, 21, 259, 29, 267, 17, 255, 'd', 'd', 'd', 'd', 's', 'w', 65, 235, 61, 231, 57, 227, 53, 223, 113, 'a', 91, 163, 'a', 77, 112, 180, 146, 178, 144, 110.0, 178, 108.0, 212, 106.0, 210, 72.0, 208, 70.0, 206, 68.0, 204, 34.0, 238, 36.0, 240, 38.0, 242, 40.0, 244, 42.0, 246, 44.0, 248, 46.0, 250, 48.0, 252, 50.0, 254, 16.0]
