Game 1
47145
60335
76048
70164
61483
63676
61042
58656
57332
55002
54669
57495
57234
55461
56729
56836
63797
59593
63550
89380
87289
79741
74866
91823
105259
125332
157450
156013
1
['s', 'w', 25, 263, 21, 259, 29, 267, 17, 255, 'd', 'd', 'd', 'd', 65, 235, 129, 197, 's', 'w', 61, 231, 57, 227, 179, 79, 53, 223, 114, 218, 116, 184, 150, 116.0, 148, 150.0, 146, 148.0, 144, 146.0, 178, 144.0, 212, 110.0, 210, 76.0, 208, 74.0, 206, 72.0, 204, 70.0, 238, 68.0, 240, 34.0, 242, 36.0, 244, 38.0, 246, 40.0, 248, 42.0, 250, 44.0, 252, 46.0, 254, 48.0, 288]
Game 2
47599
63429
65278
79192
67696
67215
69052
67022
68668
64935
63348
65387
50870
96062
62269
89215
66105
91787
88256
108649
116991
122840
1
['s', 'w', 25, 161, 21, 157, 29, 165, 17, 153, 99, 201, 95, 59, 77, 197, 15, 37, 103, 189, 205, 177, 40, 212, 74, 178, 108, 180, 142, 182, 144, 184, 146, 186, 148, 152, 150, 148.0, 152, 146.0, 186, 144.0, 184, 110.0, 182, 76.0, 180, 74.0, 178, 40.0, 212, 42.0, 246, 44.0, 280]
