Game 1
46542
60703
72493
68631
63463
62613
62535
60143
57375
55100
55486
58192
56325
57675
58125
57035
56323
57567
71752
90840
79861
80787
82038
86890
111598
116208
141575
151538
198983
228811
239040
263046
0
['s', 'w', 25, 263, 21, 259, 29, 267, 17, 255, 'd', 'd', 'd', 'd', 65, 235, 129, 163, 's', 'w', 61, 231, 57, 227, 53, 223, 179, 'w', 's', 'd', 'd', 115, 82, 150, 80, 116, 114, 82, 112, 80, 110, 78, 144, 76, 178, 74, 212, 72, 210, 70, 208, 68, 206, 34, 204, 36, 238, 38, 240, 40, 242, 42, 244, 44, 246, 46, 248, 48, 250, 50, 252, 16]
Game 2
45662
60530
65176
77560
67324
66783
67792
64900
60347
67639
68447
69554
66110
63129
62195
61855
59064
60331
96855
142166
152675
80115
87521
180399
201941
210396
217707
225010
234314
1
['s', 'w', 25, 161, 21, 157, 63, 59, 17, 7, 31, 201, 'd', 265, 'd', 269, 165, 153, 'd', 261, 'd', 257, 197, 'a', 193, 'a', 189, 'a', 239, 206, 84, 204, 118, 170, 152, 172, 186, 174, 184, 176, 182, 178, 180, 182.0, 178, 184.0, 176, 186.0, 174, 152.0, 172, 118.0, 170, 84.0, 204, 50.0, 238, 48.0, 272]
