Game 1
46454
61137
72727
73704
62942
61393
60700
58499
56170
54981
55474
58469
57744
56564
57324
55832
59454
59731
72998
87876
84961
79725
83536
91712
92677
119731
143950
154335
172537
200300
217830
205719
218035
213789
0
['s', 'w', 25, 263, 21, 259, 29, 267, 17, 255, 'd', 'd', 'd', 'd', 65, 235, 129, 197, 's', 'w', 61, 231, 57, 227, 53, 223, 179, 'd', 'd', 'w', 's', 'a', 's', 153, 148, 146, 144.0, 142.0, 178.0, 108.0, 212.0, 74.0, 210.0, 72.0, 208.0, 70.0, 206.0, 68.0, 204.0, 34.0, 238.0, 36.0, 240.0, 38.0, 242.0, 40.0, 244.0, 42.0, 246.0, 44.0, 248.0, 46.0, 250.0, 48.0, 252.0, 50.0, 254.0, 16.0]
Game 2
46186
60973
75263
77732
72816
57331
56959
67071
80193
88036
78229
62892
88271
76350
79754
62343
82360
70214
68229
61386
110555
110889
152553
160873
168203
174163
188333
1
['s', 'w', 25, 161, 55, 59, 29, 45, 15, 37, 'a', 119, 'w', 123, 65, 87, 157, 267, 165, 93, 127, 97, 181, 'w', 'a', 'w', 131, 212, 2, 246, 36, 248, 70, 250, 68, 216, 102, 182, 104, 184, 106, 186, 108, 152, 110, 118, 112, 116, 114, 112.0, 116, 110.0, 118, 108.0, 152, 106.0, 186, 104.0, 220, 102.0, 254, 68.0, 288]
