Game 1
47189
61955
73204
71762
60830
63899
60443
59132
57241
56860
55301
57736
57231
57155
58708
56892
57921
71873
71371
74585
76031
68217
66790
98490
101065
134237
139028
136564
0
['s', 'w', 25, 263, 21, 259, 29, 267, 17, 255, 'd', 'd', 'd', 'd', 65, 235, 129, 'w', 's', 231, 61, 227, 57, 223, 53, 77, 145, 177, 114, 214, 116, 212, 150, 178, 184, 144, 218, 110, 216, 76, 214, 74, 212, 72, 178, 70, 144, 68, 142, 34, 176, 36, 210, 38, 208, 40, 206, 42, 204, 44, 238, 46, 240, 48, 242, 50, 244, 16]
Game 2
46281
64887
75616
75648
72164
66013
65997
69142
69364
65453
62617
61960
50795
95715
62978
89680
66113
93352
83362
107181
118884
124767
1
['s', 'w', 25, 161, 21, 157, 29, 165, 17, 153, 99, 201, 95, 59, 77, 197, 15, 223, 175, 69, 71, 177, 40, 212, 74, 178, 108, 180, 142, 182, 144, 184, 146, 186, 148, 152, 150, 148.0, 152, 146.0, 186, 144.0, 184, 110.0, 182, 76.0, 180, 74.0, 178, 40.0, 212, 42.0, 246, 44.0, 280]
