Game 1
46511
65461
74448
73209
61611
64080
60641
59753
56490
55032
53825
57594
57795
57860
56135
54899
56228
58024
71544
90776
83789
77916
80617
86213
106199
123383
145855
156816
169673
206794
216046
196432
206963
220038
0
['s', 'w', 25, 263, 21, 259, 29, 267, 17, 255, 'd', 'd', 'd', 'd', 65, 235, 129, 197, 's', 'w', 61, 231, 57, 227, 179, 223, 53, 'd', 's', 'w', 'd', 'a', 's', 187, 148, 146, 144.0, 142.0, 178.0, 108.0, 212.0, 74.0, 210.0, 72.0, 208.0, 70.0, 206.0, 68.0, 204.0, 34.0, 238.0, 36.0, 240.0, 38.0, 242.0, 40.0, 244.0, 42.0, 246.0, 44.0, 248.0, 46.0, 250.0, 48.0, 252.0, 50.0, 254.0, 16.0]
Game 2
46668
65304
65065
71704
61681
63544
60787
59545
57290
54429
54049
59468
55837
57941
55512
56461
59179
56121
71147
91087
82868
77975
80434
84205
110094
113954
139803
153546
195217
222368
235621
259815
0
['s', 'w', 25, 263, 21, 259, 29, 267, 17, 255, 'd', 'd', 'd', 'd', 65, 235, 129, 163, 's', 'w', 61, 231, 57, 227, 53, 223, 179, 'w', 's', 'd', 'd', 115, 82, 150, 80, 116, 114, 82, 112, 80, 110, 78, 144, 76, 178, 74, 212, 72, 210, 70, 208, 68, 206, 34, 204, 36, 238, 38, 240, 40, 242, 42, 244, 44, 246, 46, 248, 48, 250, 50, 252, 16]
