Game 1
46840
61975
67205
76607
72685
57185
54311
68623
82343
79872
77706
65387
88715
78700
86918
64589
82636
69235
76695
81773
96131
99341
138764
142554
148881
1
['s', 'w', 25, 161, 55, 59, 29, 45, 15, 37, 'a', 119, 'w', 123, 65, 87, 227, 267, 247, 231, 223, 235, 209, 's', 205, 278, 4, 276, 2, 274, 36, 272, 70, 238, 68, 204, 102, 170, 104, 136, 106, 138, 108, 140, 110, 142, 144, 146.0, 142, 112.0, 176, 110.0, 174, 108.0, 172, 106.0, 170, 104.0, 204, 102.0, 238, 68.0, 272]
Game 2
46182
61728
66740
76817
67141
58493
56606
67616
83368
90319
79525
66823
96255
81855
100488
72454
82866
73689
72378
63756
111172
111402
141633
151137
147657
147698
149435
152556
154244
1
['s', 'w', 23, 159, 61, 57, 19, 39, 1, 47, 'd', 133, 'w', 129, 51, 97, 163, 259, 155, 93, 125, 255, 105, 'w', 'd', 'w', 'd', 's', 49, 178, 16, 176, 50, 174, 84, 172, 118, 170, 116, 136, 114, 102, 112, 68, 110, 70, 108, 72, 106, 140.0, 142, 106.0, 144, 108.0, 146, 110.0, 148, 112.0, 150, 114.0, 184, 116.0, 218, 118.0, 252, 84.0, 286]
