Game 1
47483
61681
64515
77516
66282
68249
70359
66123
72099
72389
77433
81659
63181
77272
56319
100015
72533
102054
87712
110510
74882
126508
145485
145928
163625
163951
1
['s', 'w', 23, 159, 27, 163, 19, 155, 65, 235, 51, 187, 13, 167, 55, 191, 227, 265, 73, 'd', 9, 109, 's', 'w', 'a', 181, 108, 180, 142, 178, 140, 176, 138, 174, 136, 172, 170, 136, 172, 138, 174, 140, 176, 142, 178, 108, 212, 74, 210, 76, 208, 42, 242, 40, 276]
Game 2
46906
59390
68048
77865
76000
73221
64456
60421
72373
103943
110939
36134
115928
58495
131829
90612
119202
90914
123862
103822
124833
120767
150513
161324
151270
0
['s', 'w', 25, 161, 89, 57, 29, 43, 'a', 5, 'w', 65, 157, 265, 173, 'w', 165, 269, 105, 85, 183, 51, 231, 261, 227, 210, 8, 208, 10, 242, 12, 244, 14, 246, 16, 248, 50, 250, 48, 252, 46, 218, 80, 184, 114, 186, 148, 152, 150, 118, 152, 84, 186, 82, 220, 80, 254, 46, 252, 48, 250, 50, 248, 16]
