Game 1
47156
65270
62485
74385
69026
59529
53071
68885
81445
80697
77815
66739
87159
58104
48085
49489
76227
82425
89005
70665
97398
61977
82458
84831
92002
102977
103409
0
['s', 'w', 23, 159, 61, 57, 19, 39, 1, 47, 'd', 167, 'w', 163, 51, 29, 155, 187, 'd', 191, 195, 'd', 199, 269, 215, 's', 251, 284, 14, 250, 16, 216, 50, 218, 84, 220, 118, 186, 152, 184, 150, 182, 148, 180, 146, 178, 144, 176, 142, 174, 140, 172, 138, 170, 136, 102.0, 170, 104.0, 172, 106.0, 174, 108.0, 176, 110.0, 178, 112.0, 180, 114.0, 182, 116.0, 184, 82.0, 186, 48.0, 220, 50.0, 218, 16.0]
Game 2
47178
59065
69890
71133
58138
62580
60557
58929
57000
56593
55043
57673
57715
55200
58837
56207
59191
59787
71571
90444
78828
78651
82169
88292
98234
118747
144651
155532
170328
210253
221705
241341
0
['s', 'w', 25, 263, 21, 259, 29, 267, 17, 255, 'd', 'd', 'd', 'd', 65, 235, 129, 197, 's', 'w', 61, 231, 57, 227, 53, 223, 179, 'd', 's', 'w', 'd', 115, 82, 150, 80, 116, 114, 82, 112, 80, 110, 78, 144, 76, 178, 74, 212, 72, 210, 70, 208, 68, 206, 34, 204, 36, 238, 38, 240, 40, 242, 42, 244, 44, 246, 46, 248, 48, 250, 50, 252, 16]
