Game 1
46010
60350
63979
75418
69473
57648
57462
69644
80998
88661
105314
38560
120330
70914
145593
79703
133013
104474
152262
92099
186270
204841
247250
266420
0
['s', 'w', 23, 159, 61, 57, 19, 39, 'd', 11, 163, 153, 183, 'a', 191, 97, 211, 231, 259, 255, 103, 241, 13, 123, 10, 210, 8, 208, 6, 206, 4, 172, 2, 174, 0, 140, 34, 138, 68, 104, 70, 36.0, 104, 34.0, 138, 0.0]
Game 2
46126
59773
72284
66259
61707
64652
60591
58602
57465
56513
55374
57472
57454
53646
57954
55837
56590
61953
71302
89588
78588
81983
75417
81343
68675
106327
130643
204837
0
['s', 'w', 25, 263, 21, 259, 29, 267, 17, 255, 'd', 'd', 'd', 'd', 65, 235, 129, 163, 's', 'w', 61, 167, 57, 159, 53, 107, 175, 79, 114, 250, 116, 248, 150, 246, 148, 244, 146, 242, 144, 208, 110, 174, 76, 140, 74, 106, 72, 70, 106, 68, 140, 34, 174, 36, 208, 38, 242, 40, 244, 42, 246, 44, 248, 46, 250, 48, 252, 50, 254, 16]
