Game 1
46403
60450
66173
76528
75418
57304
54143
68320
83936
68847
103575
38874
111314
70827
148249
94787
152733
63164
138243
72444
103662
99849
115725
121123
0
['s', 'w', 25, 161, 55, 59, 29, 45, 'a', 5, 17, 269, 109, 'd', 231, 3, 249, 217, 179, 121, 157, 49, 95, 221, 6, 246, 8, 212, 10, 178, 12, 176, 14, 174, 16, 172, 50, 138, 84, 140, 118, 142, 116, 108, 114, 74, 112, 76, 110, 144.0, 76, 110.0, 74, 112.0, 108, 114.0, 142, 116.0, 140, 118.0, 138, 84.0, 172, 50.0, 206, 16.0]
Game 2
47053
60945
65598
64774
61401
62451
61721
58144
57619
55973
54657
58905
57075
55410
57378
60623
58212
74498
70324
70383
70562
74809
86685
93092
65025
92033
114932
118064
1
['s', 'w', 25, 263, 21, 259, 29, 267, 17, 255, 'd', 'd', 'd', 'd', 's', 'w', 65, 201, 61, 197, 57, 193, 53, 189, 153, 141, 71, 77, 114, 214, 148, 212, 146, 210, 144, 208, 110, 206, 108, 204, 106, 170, 140, 172, 174, 140, 172, 138, 170, 104, 204, 70, 238, 68, 240, 34, 242, 36, 244, 38, 246, 40, 248, 42, 250, 44, 252, 46, 254, 48, 288]
