Game 1
39516
52576
58280
67569
63311
49370
42735
54436
56829
64639
72073
26624
94793
41775
95358
56390
143796
117718
137284
157408
141601
133551
139565
140957
150620
153961
168505
170572
185423
186081
204941
207158
244108
245399
276771
284809
312922
317503
0
['s', 'w', 25, 161, 55, 59, 29, 45, 19, 51, 253, 93, 165, 235, 151, 109, 215, 267, 81, 195, 211, 's', 'a', 'a', 'w', 'w', 'd', 'w', 'd', 'w', 'd', 'd', 'd', 'd', 'd', 'd', 's', 191, 84, 216, 118, 218, 152, 220, 186, 152.0, 220, 118.0, 218, 84.0, 184, 50.0, 182, 16.0]
Game 2
38859
54318
53399
65182
60578
50870
44182
53754
57560
73779
69073
59395
74021
46905
38730
44090
66731
65493
69793
49065
77282
48711
64754
69731
75469
85463
85349
0
['s', 'w', 23, 159, 61, 57, 19, 39, 1, 47, 'd', 167, 'w', 163, 51, 29, 155, 187, 'd', 191, 195, 'd', 199, 269, 215, 's', 233, 284, 14, 250, 16, 252, 50, 254, 84, 220, 118, 186, 152, 184, 150, 182, 148, 180, 146, 178, 144, 176, 142, 174, 140, 172, 138, 170, 136, 102.0, 170, 104.0, 172, 106.0, 174, 108.0, 176, 110.0, 178, 112.0, 180, 114.0, 182, 116.0, 184, 82.0, 186, 48.0, 220, 50.0, 254, 16.0]
