Game 1
47710
63615
74134
73824
67193
67543
68833
66306
68389
66494
64886
93783
34877
97409
56031
86367
68097
100707
90214
119166
103257
127979
139750
138649
1
['s', 'w', 25, 161, 21, 157, 29, 165, 17, 187, 99, 'w', 115, 191, 195, 59, 45, 91, 107, 3, 241, 15, 'd', 71, 42, 214, 40, 216, 74, 182, 72, 180, 106, 178, 140, 176, 138, 174, 172, 170.0, 174, 136.0, 176, 138.0, 178, 140.0, 180, 106.0, 182, 72.0, 216, 74.0, 250, 76.0, 284]
Game 2
46670
62991
74563
76197
70657
67237
71342
68095
70553
65581
53165
89998
33524
98894
46976
121233
89571
143765
119923
181129
145274
110098
178122
181688
194218
194884
210261
210311
225081
225389
297446
286601
376086
348921
378043
388347
0
['s', 'w', 25, 161, 21, 157, 29, 165, 17, 'd', 99, 'd', 115, 59, 45, 119, 3, 91, 71, 221, 39, 229, 'a', 225, 's', 'w', 'd', 'a', 'd', 'a', 's', 'a', 'a', 'w', 's', 143, 110, 174, 108, 172, 142, 138, 140, 142.0, 138, 108.0, 172, 110.0, 206, 112.0, 208, 114.0, 210, 80.0, 212, 46.0, 214, 48.0, 216, 50.0, 250, 16.0]
