Game 1
46746
60534
66352
74788
73478
57409
53494
68687
80116
68671
104499
36152
107254
41842
125949
63318
131272
54042
121133
91113
167575
144579
191564
147999
195840
202507
203945
1
['s', 'w', 25, 161, 55, 59, 29, 45, 'a', 5, 'w', 269, 17, 'd', 65, 3, 165, 97, 151, 113, 215, 41, 'd', 213, 263, 'w', 199, 180, 10, 178, 12, 212, 14, 246, 16, 244, 50, 278, 48, 280, 46, 282, 80, 284, 82, 250, 84, 216, 118, 218, 152, 220, 186, 152.0, 220, 118.0, 254, 84.0, 252, 82.0, 250, 80.0, 284]
Game 2
45873
60688
65927
70138
61519
64079
61891
60046
56701
56316
55102
55861
57308
55237
56218
56514
56540
59673
74606
88619
84035
79142
74858
86762
104190
122837
146159
153191
169236
208702
190153
202841
204196
217755
0
['s', 'w', 25, 263, 21, 259, 29, 267, 17, 255, 'd', 'd', 'd', 'd', 65, 235, 129, 197, 's', 'w', 61, 231, 57, 227, 179, 223, 53, 'd', 's', 'w', 'd', 'a', 's', 153, 148, 146, 144.0, 142.0, 178.0, 108.0, 212.0, 74.0, 210.0, 72.0, 208.0, 70.0, 206.0, 68.0, 204.0, 34.0, 238.0, 36.0, 240.0, 38.0, 242.0, 40.0, 244.0, 42.0, 246.0, 44.0, 248.0, 46.0, 250.0, 48.0, 252.0, 50.0, 254.0, 16.0]
