Game 1
47162
62950
68737
75546
69822
59477
57087
68126
82702
82181
74900
65992
91131
79644
87911
70956
79498
72454
71445
61847
107010
111108
145583
153045
153865
157825
150664
1
['s', 'w', 23, 159, 61, 57, 19, 39, 1, 47, 'd', 133, 'w', 129, 51, 29, 163, 257, 155, 91, 125, 263, 105, 'w', 'd', 's', 119, 212, 14, 178, 16, 180, 50, 182, 84, 184, 118, 150, 116, 148, 114, 146, 112, 144, 110, 142, 108, 140, 106, 72.0, 140, 106.0, 142, 108.0, 144, 110.0, 146, 112.0, 148, 114.0, 150, 116.0, 184, 82.0, 218, 48.0, 252, 50.0, 286]
Game 2
46448
60005
64133
74018
66824
70051
71938
67886
70546
63512
66642
63814
47231
92383
60392
90095
62822
86906
76322
93204
103722
104310
1
['s', 'w', 23, 159, 27, 163, 19, 155, 31, 167, 85, 187, 89, 57, 75, 61, 217, 257, 179, 125, 1, 261, 44, 212, 46, 178, 48, 176, 82, 174, 116, 172, 150, 170, 148, 136, 146, 138, 144, 140, 142, 144.0, 140, 146.0, 138, 112.0, 136, 78.0, 170, 80.0, 172, 82.0, 174, 48.0, 208, 46.0, 242, 44.0, 240, 42.0, 238, 40.0, 272]
