Game 1
46915
67129
66538
72186
61644
63615
60979
58910
57102
57157
55054
58670
56830
55705
55889
61558
57398
72584
70073
71950
72117
75925
88075
93388
65218
103726
111683
125006
1
['s', 'w', 25, 263, 21, 259, 29, 267, 17, 255, 'd', 'd', 'd', 'd', 's', 'w', 65, 201, 61, 197, 57, 193, 53, 189, 119, 141, 179, 79, 114, 250, 148, 248, 146, 246, 112, 212, 110, 210, 108, 208, 106, 206, 140, 204, 174, 170, 172, 136, 170, 138, 204, 140, 238, 106, 240, 72, 242, 70, 244, 68, 246, 34, 248, 36, 250, 38, 252, 40, 254, 42, 288]
Game 2
47063
64622
74375
79125
68589
66262
69979
67128
68447
64912
74014
62028
47901
95401
62449
88398
66209
94925
83540
108138
95029
114584
135521
138955
1
['s', 'w', 25, 161, 21, 157, 29, 165, 17, 153, 99, 201, 95, 59, 77, 197, 3, 189, 139, 'w', 15, 229, 'a', 177, 74, 178, 108, 180, 142, 182, 144, 184, 146, 186, 148, 152, 150, 148.0, 152, 146.0, 186, 144.0, 184, 110.0, 182, 76.0, 180, 74.0, 178, 40.0, 212, 42.0, 214, 44.0, 216, 46.0, 250, 80.0, 284]
