Game 1
48034
58998
62305
75667
73370
64050
56166
69424
60250
77410
73568
71832
90825
88267
71646
63816
66399
69405
71904
75374
88397
120392
110381
133062
141555
200416
212649
215061
228259
241184
324657
327336
386987
386406
0
['s', 'w', 23, 159, 95, 57, 19, 'w', 179, 'a', 175, 's', 243, 'd', 'd', 'd', 's', 'w', 129, 109, 65, 45, 27, 77, 81, 53, 'w', 85, 's', 89, 'w', 247, 'a', 231, 40, 180, 38, 146, 36, 144, 34, 110, 68, 76, 70, 74, 72, 70.0, 74, 68.0, 76, 34.0, 110, 0.0]
Game 2
46902
59838
74393
63351
62939
63751
61839
59717
57674
54433
56321
57491
57423
55671
59485
56614
60061
59169
73388
90840
79704
83301
88287
87359
114846
125225
150038
152311
171814
211015
197724
242637
0
['s', 'w', 25, 263, 21, 259, 29, 267, 17, 255, 'd', 'd', 'd', 'd', 65, 235, 129, 197, 's', 'w', 61, 231, 57, 227, 179, 223, 53, 'd', 's', 'w', 'd', 115, 82, 150, 80, 116, 114, 82, 112, 80, 110, 78, 144, 76, 178, 74, 212, 72, 210, 70, 208, 68, 206, 34, 204, 36, 238, 38, 240, 40, 242, 42, 244, 44, 246, 46, 248, 48, 250, 50, 252, 16]
