Game 1
46753
61218
65902
75279
68540
59250
58095
69412
82708
80882
87262
66867
98463
79629
88289
70786
87551
72614
69943
65977
111012
110237
141563
150050
158721
160419
161073
164994
166881
160462
166501
1
['s', 'w', 23, 159, 61, 57, 19, 39, 1, 47, 'd', 133, 'w', 129, 51, 29, 163, 259, 155, 91, 125, 255, 105, 'w', 'd', 'w', 'd', 'd', 'd', 'a', 173, 180, 50, 182, 84, 184, 118, 150, 116, 148, 114, 146, 112, 144, 110, 142, 108, 140, 106, 72.0, 140, 106.0, 142, 108.0, 144, 110.0, 146, 112.0, 148, 114.0, 150, 116.0, 184, 82.0, 218, 48.0, 252, 50.0, 286]
Game 2
46841
67054
72618
75565
67368
67817
70846
64233
64839
69498
67761
71852
67080
70352
61434
67736
80312
66264
69264
73854
108196
75670
65196
126362
131664
137493
143377
139288
151513
165478
169073
216126
216868
0
['s', 'w', 23, 159, 27, 163, 53, 57, 31, 43, 17, 153, 'a', 259, 'a', 255, 105, 263, 'a', 267, 123, 167, 177, 'a', 'a', 'w', 's', 'w', 'd', 'a', 69, 'w', 89, 142, 72, 144, 74, 110, 76, 74, 110, 72, 144, 70, 142, 104, 140, 138, 174, 136, 208, 102, 242, 68, 244, 34, 246, 36, 248, 38, 250, 4]
