Game 1
47315
59671
68964
64839
61345
61942
61066
59940
56214
55869
54626
57369
56934
53733
58172
55628
56991
60273
69549
96131
78770
78765
83138
85721
111671
115567
141508
157542
196403
223781
237518
260030
0
['s', 'w', 25, 263, 21, 259, 29, 267, 17, 255, 'd', 'd', 'd', 'd', 65, 235, 129, 163, 's', 'w', 61, 231, 57, 227, 53, 223, 179, 'w', 's', 'd', 'd', 115, 82, 150, 80, 116, 114, 82, 112, 80, 110, 78, 144, 76, 178, 74, 212, 72, 210, 70, 208, 68, 206, 34, 204, 36, 238, 38, 240, 40, 242, 42, 244, 44, 246, 46, 248, 48, 250, 50, 252, 16]
Game 2
46735
61006
65008
74443
62640
62520
62046
59090
57261
56884
55574
58654
56012
57678
57040
58168
63829
61959
59443
64760
66602
62425
77108
73811
115666
249612
256732
838040
0
['s', 'w', 25, 263, 21, 259, 29, 267, 17, 255, 'd', 'd', 'd', 'd', 's', 'w', 99, 201, 129, 163, 181, 79, 15, 253, 229, 177, 63, 11, 114, 182, 116, 184, 150, 116.0, 184, 114.0, 182, 80.0, 216, 82.0, 218, 84.0, 220, 50.0, 254, 16.0]
