Game 1
47564
63237
63690
72126
69276
69373
70284
68164
69192
62115
79897
69803
47993
92280
60426
89856
68583
92246
71118
87978
98445
101675
1
['s', 'w', 23, 159, 27, 163, 19, 155, 31, 167, 85, 187, 89, 57, 75, 191, 1, 61, 121, 183, 95, 263, 44, 212, 46, 178, 48, 176, 82, 174, 116, 172, 150, 170, 148, 136, 146, 138, 144, 140, 142, 144.0, 140, 110.0, 138, 76.0, 136, 78.0, 170, 80.0, 172, 82.0, 174, 48.0, 176, 46.0, 178, 44.0, 212, 42.0, 246, 40.0, 244, 38.0, 278]
Game 2
46286
60075
66219
64453
63521
63636
59998
58437
57987
55538
55571
59329
56962
55174
58959
56744
60824
59564
71915
90328
83915
78798
88258
87419
99122
123571
149064
156236
174220
198046
188808
242168
0
['s', 'w', 25, 263, 21, 259, 29, 267, 17, 255, 'd', 'd', 'd', 'd', 65, 235, 129, 197, 's', 'w', 61, 231, 57, 227, 179, 223, 53, 'd', 'd', 'w', 's', 115, 82, 150, 80, 116, 114, 82, 112, 80, 110, 78, 144, 76, 178, 74, 212, 72, 210, 70, 208, 68, 206, 34, 204, 36, 238, 38, 240, 40, 242, 42, 244, 44, 246, 46, 248, 48, 250, 50, 252, 16]
