Game 1
47167
68955
65310
77430
68018
58702
56951
70481
82058
83078
78950
63844
85281
57515
49009
47786
74976
83633
88636
70637
97368
62331
78255
86912
89586
116501
121356
0
['s', 'w', 23, 159, 61, 57, 19, 39, 1, 47, 'd', 167, 'w', 163, 51, 29, 155, 187, 'd', 191, 195, 'd', 215, 's', 267, 119, 95, 284, 14, 286, 16, 288, 50, 254, 84, 220, 118, 186, 152, 184, 150, 182, 148, 180, 146, 178, 144, 176, 142, 174, 140, 172, 138, 170, 136, 138, 170, 140, 172, 106, 174, 108, 176, 110, 178, 112, 180, 114, 182, 116, 216, 82, 250, 48, 252, 50, 254, 16]
Game 2
46732
63142
71274
77168
69327
65059
70784
68735
71788
67119
63952
66971
65012
67054
67366
88849
62970
96463
92172
84831
90907
103292
121977
139299
86375
151757
119161
157011
157755
158761
1
['s', 'w', 25, 161, 21, 157, 29, 165, 85, 187, 's', 'w', 's', 'w', 's', 107, 65, 117, 175, 201, 181, 's', 17, 'd', 99, 129, 45, 125, 'd', 195, 148, 248, 150, 246, 116, 244, 114, 242, 112, 208, 78, 174, 76, 172, 74, 138, 72, 104, 106, 72, 140, 74, 138, 108, 172, 110, 174, 112, 208, 114, 242, 80, 276]
