Game 1
47576
60113
65943
76403
73461
58608
55583
69367
83648
79919
79376
66080
89157
77930
81296
64254
85077
70732
69457
64639
108680
112674
153666
162119
170061
175263
176405
1
['s', 'w', 25, 161, 55, 59, 29, 45, 15, 37, 'a', 119, 'w', 123, 65, 87, 157, 267, 165, 91, 127, 97, 181, 'w', 'a', 's', 249, 212, 2, 178, 36, 176, 70, 174, 68, 172, 102, 138, 104, 140, 106, 142, 108, 144, 110, 146, 112, 148, 114, 112, 148, 110, 150, 108, 152, 106, 186, 104, 220, 102, 254, 68, 288]
Game 2
46218
59569
73511
63510
64632
63210
61505
60003
57588
55220
54881
58291
56438
56741
56656
56292
58628
60383
70491
91192
78825
79184
85080
91453
103555
124775
148375
156191
176611
198447
213666
243769
0
['s', 'w', 25, 263, 21, 259, 29, 267, 17, 255, 'd', 'd', 'd', 'd', 65, 235, 129, 197, 's', 'w', 61, 231, 57, 227, 179, 223, 53, 'd', 'd', 'w', 's', 115, 82, 150, 80, 116, 114, 82, 112, 80, 110, 78, 144, 76, 178, 74, 212, 72, 210, 70, 208, 68, 206, 34, 204, 36, 238, 38, 240, 40, 242, 42, 244, 44, 246, 46, 248, 48, 250, 50, 252, 16]
