Game 1
11421
13349
12898
14164
14718
11529
9422
11389
11256
11468
10319
10363
9885
9466
8896
8646
8238
7827
7872
8014
7854
7938
13199
20906
21108
23752
24539
26680
0
['s', 191, 's', 'w', 229, 161, 247, 165, 211, 221, 259, 265, 17, 57, 253, 235, 29, 's', 239, 'a', 201, 'a', 53, 73, 's', 217, 'w', 141]
Game 2
10878
13613
12481
10778
10948
12335
9787
12885
12379
11602
11043
10978
8857
9883
7568
9398
7657
7135
6987
6485
6425
8943
8877
12210
11922
12498
12983
1
['s', 129, 261, 125, 's', 'a', 243, 75, 99, 133, 265, 59, 'd', 45, 's', 63, 121, 153, 17, 93, 21, 3, 207, 'd', 141, 'd', 189]
Game 3
10538
13988
13927
14617
14539
12475
12036
11289
10736
11536
10694
11516
12754
15107
10826
10275
10992
10426
9535
9528
8093
7807
6459
6378
6002
10129
11632
12492
12680
1
['s', 199, 's', 'w', 59, 161, 55, 157, 'd', 'd', 'd', 'w', 181, 235, 's', 231, 51, 111, 63, 95, 83, 115, 31, 189, 27, 73, 211, 'w', 19]
Game 4
10299
13322
13972
14611
15117
14822
15939
16552
19378
18196
16670
16064
14834
14258
14274
13450
12752
12344
12391
11818
11377
12965
12793
15038
10269
20286
9243
21325
28139
31541
0
['s', 185, 's', 'w', 's', 'w', 's', 'w', 's', 227, 195, 263, 59, 'a', 157, 205, 249, 'd', 21, 267, 231, 223, 7, 183, 63, 175, 17, 167, 31, 109]
Game 5
11259
13561
13876
14413
14647
14621
16550
16936
18133
17984
16615
15915
15181
14448
13665
13820
12497
20259
11345
12081
14543
12096
19776
10445
10708
10484
10736
13077
9220
20784
7992
11854
19714
32680
30228
32467
31194
0
['s', 115, 's', 'w', 's', 'w', 's', 'w', 's', 261, 7, 213, 159, 257, 95, 197, 'a', 209, 'w', 'a', 155, 187, 17, 'd', 59, 'd', 'a', 207, 'd', 145, 91, 249, 21, 'w', 73, 'w', 99]
Game 6
10738
13468
13586
14665
14702
14985
16463
16171
17819
18012
16754
15662
15975
15320
13236
13850
19522
11831
11080
10581
10558
10413
10384
9918
9606
9777
8730
8500
8259
8204
8441
8354
35707
35791
44897
47215
1
['s', 201, 's', 'w', 's', 'w', 's', 'w', 's', 261, 179, 247, 159, 257, 155, 207, 171, 63, 165, 'a', 's', 'a', 51, 1, 'a', 225, 123, 'a', 9, 's', 57, 's', 71, 3, 'd', 85]
Game 7
10473
13425
11351
12748
13718
13246
14241
10228
10690
11229
11007
11411
12268
10502
10627
9998
10390
10167
9172
9338
8627
10206
8741
8658
8471
12937
17189
18427
20208
19080
22143
21560
25177
27741
29934
0
['s', 159, 'd', 'w', 's', 'd', 231, 163, 249, 235, 213, 's', 53, 155, 's', 107, 'd', 167, 17, 39, 'a', 221, 'w', 199, 'a', 23, 181, 'a', 11, 'w', 89, 'a', 13, 'w', 15]
Game 8
11218
13366
13932
14512
14614
15409
16321
16548
18477
18050
16510
15814
14567
21047
11866
15511
16009
10785
10196
9994
9441
9167
8867
8582
8378
20097
33275
48706
45378
1
['s', 147, 's', 'w', 's', 'w', 's', 'w', 's', 227, 23, 213, 127, 175, 123, 195, 119, 1, 11, 3, 31, 5, 239, 9, 75, 13, 99, 'w', 155]
Game 9
10444
13602
14199
14422
14578
15276
16279
16392
18051
18012
16449
16443
18345
14308
12925
13133
12535
11377
10865
10505
7844
7939
8082
6732
6123
11389
11747
11447
12024
1
['s', 79, 's', 'w', 's', 'w', 's', 'w', 's', 229, 13, 177, 161, 215, 165, 233, 31, 269, 61, 251, 57, 109, 73, 157, 87, 255, 17, 'd', 103]
Game 10
11116
13558
12203
13230
12945
14059
14817
12459
12788
13314
11481
12113
13182
13772
10869
11447
12455
9064
11875
8237
7724
7720
7663
7936
12414
23031
30219
30086
1
['s', 161, 's', 'w', 's', 'w', 177, 109, 181, 111, 245, 41, 213, 43, 233, 55, 133, 's', 263, 255, 89, 'w', 49, 269, 29, 3, 'w', 185]
Game 11
11642
13361
14040
14391
14961
15302
16296
16190
18500
18221
16582
15496
14886
14202
13603
14177
12398
17749
11082
14004
9670
14110
10253
9830
9010
14094
25841
10783
11301
11773
14347
15573
18949
22705
23317
1
['s', 99, 's', 'w', 's', 'w', 's', 'w', 's', 229, 19, 211, 161, 265, 'wa', 191, 55, 173, 'd', 181, 'a', 153, 59, 109, 1, 23, 51, 'a', 79, 'd', 131, 'a', 47, 'w', 149]
Game 12
11034
13759
13302
13463
14495
15152
6067
12534
6450
11356
7583
10772
8594
10928
12122
12010
13258
9272
8226
10336
9864
10771
9850
8725
8233
7102
6530
8571
13538
14128
14890
15203
15548
1
['s', 265, 's', 'w', 's', 261, 91, 257, 95, 269, 'a', 'a', 87, 'w', 's', 'w', 's', 209, 17, 193, 'd', 141, 99, 179, 125, 163, 105, 5, 129, 'w', 173, 'd', 211]
Game 13
11615
13851
10101
9196
7073
8217
10415
7699
10179
12465
10606
10279
9780
9135
8877
8270
8392
7661
7286
7013
20799
22923
0
['s', 'w', 25, 161, 55, 59, 29, 45, 19, 51, 69, 105, 97, 137, 195, 1, 213, 167, 183, 73, 191, 65]
Game 14
10540
7995
7311
7172
9804
8299
9364
8549
8840
9397
10454
9155
8372
7940
7059
7616
5898
5685
5357
6102
4980
7258
8953
8938
9349
9064
9476
10126
10694
1
[125, 163, 145, 157, 19, 'd', 167, 221, 's', 121, 51, 173, 193, 225, 55, 59, 263, 45, 'w', 29, 'd', 7, 'd', 'a', 'd', 'a', 229, 'd', 233]
Game 15
10919
7651
7874
7122
8360
8878
10262
9643
9954
8845
9725
10013
9947
11700
8927
8955
8802
8628
9802
8996
11080
8688
8355
8660
8522
8578
13202
21635
20293
20516
18943
23401
26359
29396
31023
32360
0
[125, 265, 129, 223, 19, 'w', 's', 'd', 133, 259, 'a', 'a', 's', 73, 'w', 'a', 157, 'w', 173, 'w', 177, 's', 51, 's', 11, 15, 7, 255, 'a', 121, 's', 137, 'a', 245, 'a', 227]
Game 16
11298
13761
12941
14373
14980
14878
15577
14991
16714
18165
16707
16121
14709
15949
15901
15406
12661
13308
10946
10209
9917
9454
9175
8572
7865
11656
24491
33539
34589
41491
43512
0
['s', 187, 's', 'w', 's', 'w', 's', 'w', 's', 263, 193, 259, 's', 215, 93, 207, 89, 197, 29, 71, 97, 53, 65, 149, 117, 47, 1, 'a', 3, 'w', 5]
Game 17
10774
13168
9310
9090
6594
9054
7426
7565
8010
9580
11293
10632
9281
9896
8037
9913
7218
8652
7729
6305
10958
11885
11591
1
['s', 'w', 25, 161, 21, 157, 63, 165, 119, 139, 99, 59, 31, 41, 3, 201, 'd', 197, 193, 187, 209, 95, 51]
Game 18
10505
13068
13544
13531
14628
14654
5955
12089
6684
11869
10797
11172
8928
11024
13094
10978
10503
10350
8699
9790
8767
8354
7948
7574
7232
10961
20635
25838
26021
0
['s', 265, 's', 'w', 's', 261, 25, 257, 227, 'd', 231, 269, 's', 'd', 251, 109, 155, 177, 'w', 41, 1, 81, 19, 29, 5, 197, 37, 'a', 43]
Game 19
10912
13210
14145
12214
11216
10429
10259
10422
9771
10290
14234
10297
8975
8702
7923
7669
6978
6983
11219
16954
20531
1
['s', 151, 25, 161, 21, 157, 29, 165, 85, 153, 99, 235, 47, 111, 35, 45, 215, 55, 3, 7, 109]
Game 20
10718
13662
9742
8714
7859
7243
7781
8758
9889
8789
9330
12499
10176
9488
9134
8288
8284
7883
7584
6940
6796
12246
14717
0
['s', 'w', 23, 159, 61, 163, 87, 57, 29, 167, 'a', 5, 17, 149, 53, 47, 75, 3, 155, 189, 207, 35, 113]
