Game 1
10806
13581
11757
12286
13051
10241
11808
9177
10733
10906
11482
11671
12261
10159
7926
10156
9699
9849
10322
10240
10204
13258
9917
12486
9713
9071
9280
13154
18797
10398
10220
10369
7788
14661
16129
16109
16426
1
['s', 161, 'a', 'a', 259, 89, 241, 221, 'd', 'd', 's', 'w', 'd', 165, 193, 269, 85, 'w', 's', 143, 'd', 265, 'd', 117, 'w', 99, 175, 81, 227, 'd', 231, 'w', 25, 'd', 21, 'd', 1]
Game 2
11710
13511
13309
13594
14766
14510
15129
11404
5997
12186
6900
12584
10538
14016
10930
12797
10952
9805
10703
10515
9774
9259
8844
13628
23421
23780
25304
20952
18957
16688
17414
17792
18163
18994
19419
1
['s', 225, 's', 'w', 's', 'w', 's', 229, 195, 233, 123, 257, 'd', 147, 'a', 221, 's', 183, 'd', 161, 23, 89, 27, 3, 31, 'a', 191, 'd', 131, 'd', 207, 'a', 151, 'd', 239]
Game 3
11225
7874
6833
7628
8153
9226
8939
8824
9134
9812
9792
9979
10399
10635
9334
8439
8552
9088
8690
7934
8325
8576
8294
7852
6738
12569
14781
17131
0
[125, 163, 129, 259, 87, 'd', 133, 223, 's', 'w', 'a', 'a', 's', 73, 51, 255, 'w', 263, 19, 'a', 227, 267, 119, 141, 23, 217, 213, 155]
Game 4
11713
13361
13110
13736
14928
14388
15982
11522
6009
12441
6347
11944
11434
11316
10180
13017
10098
10562
11485
11570
7295
6961
6428
5807
6636
6564
6564
9882
13765
14266
13405
15667
15406
0
['s', 231, 's', 'w', 's', 'w', 's', 227, 91, 259, 161, 'd', 181, 'w', 143, 113, 191, 221, 207, 95, 213, 87, 'w', 35, 'a', 127, 'a', 103, 3, 's', 5, 'w', 7]
Game 5
11291
13167
14313
13294
10960
8963
10487
5770
9975
8998
9188
9181
8893
9128
9383
8821
9064
7830
8931
7210
9208
9866
15093
17340
17416
18368
18479
1
['s', 7, 25, 59, 193, 63, 55, 49, 17, 167, 'd', 163, 'd', 'w', 213, 129, 3, 145, 209, 143, 245, 255, 115, 'w', 'd', 'a', 13]
Game 6
11246
13559
10399
8490
7995
7202
7191
10476
10151
8361
9323
12209
9249
9302
9375
8846
9167
8703
8371
7901
7736
11436
26065
23989
29073
25074
32516
28668
29726
29171
31310
47041
49072
0
['s', 'w', 23, 159, 61, 231, 121, 57, 29, 47, 103, 39, 'd', 235, 'w', 9, 83, 195, 149, 1, 77, 249, 's', 'a', 'w', 'w', 'd', 'd', 'd', 'd', 127, 'd', 163]
Game 7
10250
7889
7641
9905
8487
7664
9799
9044
9832
9365
8610
8607
8769
10702
8491
8667
8517
7647
6948
7441
7211
6793
8841
9405
9673
10141
10166
10557
11188
11291
11233
12204
12807
12914
13500
13550
0
[127, 157, 89, 'd', 131, 59, 65, 'a', 'a', 153, 161, 'd', 27, 23, 'a', 19, 13, 'd', 165, 201, 197, 227, 213, 69, 'a', 'a', 'a', 'a', 's', 'w', 'd', 53, 'a', 'a', 'w', 41]
Game 8
11076
12714
14044
14432
14979
14893
16079
16201
10229
14637
10215
13538
10852
11544
10833
12255
10687
10572
10803
10843
10631
10413
10935
16140
29854
25841
27081
18267
16887
16617
19988
22327
23592
28131
27985
32882
37050
44720
45655
1
['s', 69, 's', 'w', 's', 'w', 's', 227, 25, 231, 91, 223, 'd', 235, 'a', 255, 's', 177, 'w', 3, 'a', 41, 'a', 259, 195, 'd', 199, 'd', 99, 'd', 95, 'd', 107, 'w', 121, 'a', 71, 'a', 139]
Game 9
10621
12879
14135
14849
15090
15099
15874
15776
18624
18073
16486
15704
15511
14349
13120
13565
11105
11569
10617
10765
9877
9079
9002
14925
8469
12104
18037
18649
10588
31599
32459
77618
78084
0
['s', 49, 's', 'w', 's', 'w', 's', 'w', 's', 227, 129, 213, 159, 175, 25, 195, 'a', 147, 'w', 107, 91, 11, 95, 133, 1, 261, 3, 'as', 5, 'd', 7, 'a', 13]
Game 10
10973
12932
9237
8912
7216
8580
7210
8578
8574
9764
9024
8352
8431
8327
7378
7392
7166
6339
6057
5699
5464
11723
12794
0
['s', 'w', 25, 161, 55, 157, 29, 165, 51, 59, 99, 45, 109, 117, 'a', 181, 89, 257, 139, 227, 207, 247, 5]
Game 11
11656
7826
7284
7430
7926
9648
8553
8993
11121
9364
9067
10511
9018
10779
10105
9643
9011
8131
9790
8811
7179
6729
7109
9901
11958
12628
14149
0
[127, 259, 123, 267, 63, 'd', 'd', 'w', 's', 263, 's', 'd', 233, 79, 31, 255, 27, 49, 249, 71, 17, 43, 21, 55, 's', 155, 141]
Game 12
10838
13347
14030
14115
14705
14960
16278
16099
10897
14478
16381
16031
14726
20368
12047
12477
12406
11841
11177
12024
11698
11616
12898
10939
12162
14004
10559
14883
9207
24099
8866
13372
29718
24566
32252
35515
32524
24787
27541
0
['s', 257, 's', 'w', 's', 'w', 's', 263, 59, 'w', 's', 211, 91, 213, 161, 'a', 87, 191, 'w', 267, 'd', 'd', 97, 'd', 'd', 201, 'a', 219, 'a', 143, 47, 221, 45, 'w', 41, 's', 65, 'w', 73]
Game 13
10923
7189
7216
9546
10701
9108
9005
11084
7105
9891
10915
10770
11791
11366
11209
9723
9716
9250
11206
10890
10010
9379
9129
9130
7871
13143
13738
14720
22044
22719
22836
23139
23926
24421
0
[125, 265, 61, 'w', 's', 'd', 197, 'w', 215, 'a', 's', 'w', 's', 'd', 'd', 193, 77, 201, 65, 129, 121, 189, 85, 115, 89, 165, 57, 171, 'w', 255, 'd', 'w', 'd', 259]
Game 14
11031
13320
13516
13959
14719
15151
15974
16222
19164
18538
17056
16155
15951
24811
15040
14496
13261
13281
12915
12277
9853
9265
8776
8113
8006
7273
7076
10574
19089
22282
22507
0
['s', 221, 's', 'w', 's', 'w', 's', 'w', 's', 227, 13, 'w', 'd', 231, 127, 235, 143, 175, 145, 157, 27, 123, 65, 37, 23, 105, 1, 247, 5, 's', 15]
Game 15
11239
8306
7608
7190
8103
8596
10211
9617
10480
8625
9545
10566
8885
11773
9338
8898
8776
8210
7831
7372
6829
6479
6439
23340
24718
0
[125, 265, 129, 157, 19, 'w', 's', 'd', 133, 187, 's', 73, 'a', 57, 23, 43, 69, 45, 29, 121, 217, 71, 213, 95, 47]
Game 16
11248
7721
12234
11548
7651
7007
9074
9251
10194
9273
10151
9132
9543
10074
9968
11194
8867
8889
9473
8963
9827
9517
10369
9674
11073
9778
9486
9059
15003
24731
35955
23926
35820
22337
37262
36700
44393
45746
1
[125, 'd', 265, 'a', 129, 257, 19, 'w', 's', 'd', 133, 261, 'a', 'a', 's', 73, 'w', 'w', 23, 'a', 'a', 'w', 141, 's', 209, 1, 201, 5, 63, 9, 'a', 11, 'd', 13, 's', 15, 'a', 37]
Game 17
11027
8154
7203
7874
8164
8441
8347
9308
9413
9672
9260
9852
9690
9355
9680
9557
9004
8650
8648
9088
15796
13536
9373
9037
9260
14031
21255
24082
24386
26948
30512
33347
0
[125, 197, 229, 259, 19, 'd', 249, 'a', 's', 139, 211, 'a', 51, 'a', 223, 267, 57, 'a', 179, 'w', 25, 43, 'a', 255, 'a', 111, 'd', 235, 'w', 47, 'd', 115]
Game 18
11162
13749
9657
9774
7767
7056
6610
10147
9510
9738
9806
10204
9914
9889
9795
9327
9484
9314
8860
7795
10638
15398
11643
15899
17498
19933
21399
22194
0
['s', 'w', 23, 159, 27, 127, 87, 'd', 31, 257, 19, 197, 213, 's', 37, 'a', 261, 201, 119, 107, 153, 163, 's', 79, 's', 115, 'd', 59]
Game 19
10784
13642
9708
8993
7595
6948
7797
8953
10391
11742
11050
11140
10048
10058
10450
9669
10700
8581
8659
8427
8535
7768
8080
12537
22945
25596
26504
28683
30261
1
['s', 'w', 23, 159, 95, 59, 87, 41, 'd', 11, 'w', 247, 99, 'a', 17, 251, 107, 221, 'a', 111, 155, 177, 'a', 259, 209, 'd', 191, 's', 103]
Game 20
11278
13219
12416
13153
12594
10090
11171
12162
8633
12585
12470
8644
8498
8662
8686
8331
8018
7135
7105
6631
6394
5985
6035
11951
13716
0
['s', 161, 'a', 'a', 259, 89, 's', 'a', 241, 41, 165, 85, 227, 55, 31, 105, 263, 23, 133, 19, 267, 45, 115, 173, 193]
