Game 1
10833
13407
14183
14985
14328
15184
15887
16538
18392
18283
16755
15872
18298
14510
20107
12378
15697
10550
10114
9681
9285
9161
8917
8515
8198
11631
40180
53546
53867
1
['s', 133, 's', 'w', 's', 'w', 's', 'w', 's', 229, 5, 177, 161, 233, 165, 219, 115, 1, 57, 3, 15, 7, 243, 9, 129, 11, 51, 'd', 61, 182, 178, 184, 180, 186, 182, 220, 184, 254, 186, 288, 220, 286, 254, 252, 288]
Game 2
10487
13269
13531
14472
14932
15543
16664
16038
18753
18291
16947
16038
15297
16385
15079
14723
14850
12359
11656
13338
11963
11057
10552
9971
9367
14737
24877
35304
30484
21048
17369
28343
29905
33237
34155
1
['s', 9, 's', 'w', 's', 'w', 's', 'w', 's', 263, 97, 259, 's', 249, 125, 255, 'w', 181, 'w', 113, 61, 213, 143, 235, 77, 1, 121, 'd', 65, 'a', 55, 's', 51, 's', 23, 212, 146, 210, 112, 176, 78, 142, 80, 140, 82, 138, 84, 136, 118, 102, 152, 68, 186, 70, 220, 72, 218, 74, 216, 76, 250, 42, 284]
Game 3
10774
8503
7493
7533
8590
8912
9793
8090
9315
8377
9222
8909
7193
8184
6928
7475
7022
6990
6818
6235
6004
8094
12665
13571
13741
0
[125, 163, 111, 191, 87, 'd', 167, 255, 'a', 55, 51, 59, 143, 259, 's', 41, 'w', 221, 27, 45, 115, 37, 233, 'w', 213, 214, 8, 180, 10, 178, 12, 212, 14, 210, 48, 208, 82, 206, 80, 172, 114, 138, 112, 104, 78, 106, 76, 108, 110, 76, 108, 78, 106, 112, 140, 114, 174, 80, 172, 46, 206, 48, 208, 14]
Game 4
10563
13289
11777
12448
14110
13979
14655
9762
12670
7383
10684
11754
10165
10835
11575
9541
11422
12004
10116
9625
9106
8377
7971
8534
6956
10024
17208
16234
16951
16602
17554
18039
18227
1
['s', 159, 'd', 'w', 's', 'w', 61, 95, 'a', 231, 's', 'w', 'd', 129, 'd', 133, 21, 77, 91, 261, 175, 139, 227, 235, 163, 39, 71, 'd', 207, 'd', 53, 'd', 257, 150, 116, 148, 82, 146, 48, 144, 14, 142, 12, 140, 10, 174, 8, 208, 6, 242, 4, 244, 2, 246, 36, 248, 34, 282, 68, 280, 102, 278, 136, 276, 170, 274, 204, 272, 238, 204.0, 272]
Game 5
10827
13479
14169
14261
15313
15040
15896
16597
10673
14073
13393
13240
9806
11860
11594
11965
11373
10936
10394
10046
9463
9022
8620
8480
7768
26554
20850
1
['s', 207, 's', 'w', 's', 'w', 's', 261, 193, 265, 179, 225, 189, 's', 247, 69, 3, 49, 17, 123, 25, 217, 13, 137, 163, 201, 71, 244, 142, 242, 140, 276, 138, 274, 104, 240, 70, 206, 36, 204, 34, 170, 68, 136, 102, 68.0, 136, 34.0, 170, 36.0, 204, 70.0, 238, 104.0, 272]
Game 6
10877
13584
13663
14154
14473
15159
15921
15937
18208
17981
16446
15674
14532
19565
12690
14593
11112
11001
10184
9449
9059
8819
8559
8274
8028
15617
35586
65341
99029
1
['s', 87, 's', 'w', 's', 'w', 's', 'w', 's', 229, 25, 211, 21, 181, 161, 193, 157, 189, 153, 1, 111, 3, 49, 7, 39, 11, 69, 'd', 43, 178, 214, 176, 180, 174, 178, 172, 176, 170, 174, 204, 172, 238, 170, 272, 204, 274, 238, 276, 272]
Game 7
11340
13370
11332
12262
14057
13692
14115
10372
11978
10597
11599
11110
10346
8563
8725
7902
8264
7918
7788
8708
7262
9717
6402
8702
15287
18150
18277
0
['s', 159, 'd', 'w', 's', 'd', 231, 95, 65, 201, 247, 43, 91, 45, 197, 225, 175, 221, 107, 261, 'w', 29, 69, 109, 267, 'd', 115, 252, 10, 218, 12, 216, 14, 214, 16, 212, 50, 178, 48, 180, 46, 182, 80, 184, 82, 150, 116, 82.0, 150, 80.0, 184, 46.0, 182, 48.0, 180, 50.0, 178, 16.0]
Game 8
11552
13304
9585
8441
7556
7472
7604
9559
8076
9948
11277
10473
9822
9669
8561
7842
7613
7151
6649
6830
13764
15176
1
['s', 'w', 23, 159, 27, 163, 19, 155, 31, 233, 85, 187, 119, 167, 89, 13, 263, 259, 1, 207, 71, 249, 76, 212, 110, 178, 144, 176, 142, 174, 140, 172, 138, 170, 136, 138, 170, 140, 172, 106, 174, 108, 208, 110, 210, 76, 212, 42, 214, 40, 216, 38, 218, 36, 220, 70, 254, 68, 288]
Game 9
11308
13702
13807
14391
14976
14436
15822
15819
17676
18053
16472
15777
14613
14343
13793
13632
13649
18733
12084
15886
11574
11382
11438
9968
9276
14640
26008
15775
12742
11373
10944
10427
10500
16038
18535
20445
20581
1
['s', 201, 's', 'w', 's', 'w', 's', 'w', 's', 227, 215, 263, 59, 209, 'd', 259, 'w', 147, 'a', 255, 'd', 11, 159, 127, 51, 207, 55, 'a', 63, 'd', 31, 's', 81, 'a', 141, 'w', 1, 178, 146, 180, 144, 146, 142, 144, 108, 142, 110, 108, 112, 110, 114, 112, 148, 114, 182, 148, 216, 150, 250, 116, 284]
Game 10
11420
8022
7716
9643
8162
7645
10855
9296
10971
10106
10392
8947
8833
9789
8804
7763
7950
7421
7291
6763
6669
6842
6365
15923
16918
0
[127, 157, 89, 'd', 131, 161, 's', 'w', 's', 75, 99, 117, 19, 59, 51, 39, 209, 179, 121, 23, 'd', 63, 29, 69, 45, 214, 112, 180, 114, 182, 80, 148, 82, 146, 84, 144, 50, 142, 16, 108, 14, 106, 12, 104, 10, 70, 8, 72, 6, 38, 4, 36, 2, 34, 0, 0]
