Game 1
46624
61010
64818
72258
56975
64668
62850
59835
57652
56127
54905
57242
57572
55831
54851
56329
60333
60224
74468
90325
83417
83688
77354
80681
70518
105830
131805
225080
0
['s', 'w', 25, 263, 21, 259, 29, 267, 17, 255, 'd', 'd', 'd', 'd', 65, 235, 129, 163, 's', 'w', 61, 167, 57, 159, 53, 107, 175, 77, 114, 250, 116, 248, 150, 246, 148, 244, 146, 242, 144, 208, 110, 174, 76, 140, 74, 106, 72, 70, 106, 68, 140, 34, 174, 36, 208, 38, 242, 40, 244, 42, 246, 44, 248, 46, 250, 48, 252, 50, 254, 16]
Game 2
47177
62431
71442
71675
63652
64486
62583
58542
57105
55106
54755
56815
56635
56875
58630
57500
58060
60784
73873
90909
81503
82588
82457
84690
112492
116325
142979
160142
198995
224305
233544
261706
0
['s', 'w', 25, 263, 21, 259, 29, 267, 17, 255, 'd', 'd', 'd', 'd', 65, 235, 129, 163, 's', 'w', 61, 231, 57, 227, 53, 223, 179, 'd', 's', 'w', 'd', 115, 82, 150, 80, 116, 114, 82, 112, 80, 110, 78, 144, 76, 178, 74, 212, 72, 210, 70, 208, 68, 206, 34, 204, 36, 238, 38, 240, 40, 242, 42, 244, 44, 246, 46, 248, 48, 250, 50, 252, 16]
