Game 1
46900
60872
72604
59179
59231
64247
61175
60046
57125
55797
54688
57661
57314
55590
58578
56771
58039
60074
71633
92055
81793
82502
82679
86061
111078
116304
142077
157495
197991
227052
240123
259703
0
['s', 'w', 25, 263, 21, 259, 29, 267, 17, 255, 'd', 'd', 'd', 'd', 65, 235, 129, 163, 's', 'w', 61, 231, 57, 227, 53, 223, 179, 'd', 's', 'w', 'd', 115, 82, 150, 80, 116, 114, 82, 112, 80, 110, 78, 144, 76, 178, 74, 212, 72, 210, 70, 208, 68, 206, 34, 204, 36, 238, 38, 240, 40, 242, 42, 244, 44, 246, 46, 248, 48, 250, 50, 252, 16]
Game 2
47232
60793
68460
75592
70464
59159
58249
71209
82238
83962
75800
64893
86752
81321
91217
70942
85568
70873
69676
66936
111015
109103
143985
150596
153099
158339
150310
1
['s', 'w', 23, 159, 61, 57, 19, 39, 1, 47, 'd', 133, 'w', 129, 51, 29, 163, 257, 155, 91, 125, 263, 105, 'w', 'd', 's', 85, 212, 14, 178, 16, 180, 50, 182, 84, 184, 118, 150, 116, 148, 114, 146, 112, 144, 110, 142, 108, 140, 106, 72.0, 140, 106.0, 142, 108.0, 144, 110.0, 146, 112.0, 148, 114.0, 150, 116.0, 184, 82.0, 218, 48.0, 252, 50.0, 286]
