Game 1
47019
59256
70997
72303
64142
65954
62382
58671
57106
54537
54697
58574
56549
55487
58324
55960
57970
58412
70845
91781
79549
76490
89371
89796
99960
119965
143213
156966
167025
199173
188185
241311
0
['s', 'w', 25, 263, 21, 259, 29, 267, 17, 255, 'd', 'd', 'd', 'd', 65, 235, 129, 197, 's', 'w', 61, 231, 57, 227, 53, 223, 179, 'd', 'd', 'w', 's', 115, 82, 150, 80, 116, 114, 82, 112, 80, 110, 78, 144, 76, 178, 74, 212, 72, 210, 70, 208, 68, 206, 34, 204, 36, 238, 38, 240, 40, 242, 42, 244, 44, 246, 46, 248, 48, 250, 50, 252, 16]
Game 2
46154
60769
64795
78588
68807
59160
57561
68628
80819
80840
76172
68634
89624
58057
49466
50328
79568
81341
88619
70985
97015
63315
79090
86560
87135
115559
120770
128849
129297
135371
135550
139260
139876
0
['s', 'w', 23, 159, 61, 57, 19, 39, 1, 47, 'd', 167, 'w', 163, 51, 29, 155, 187, 'd', 191, 195, 'd', 215, 's', 267, 119, 'd', 'd', 'd', 'd', 's', 'd', 245, 254, 84, 220, 118, 186, 152, 184, 150, 182, 148, 180, 146, 178, 144, 176, 142, 174, 140, 172, 138, 170, 136, 138, 170, 140, 172, 106, 174, 108, 176, 110, 178, 112, 180, 114, 182, 116, 216, 82, 250, 48, 252, 50, 254, 16]
