Game 1
46765
60299
66698
75823
72583
56890
53877
68834
80635
82997
76364
60386
82176
58322
46895
49697
72734
60258
94797
46971
89760
51939
61769
141968
147607
169814
172715
206443
210462
237983
248517
259016
267818
1
['s', 'w', 25, 161, 55, 59, 29, 45, 15, 37, 'a', 153, 'w', 157, 65, 19, 'a', 265, 165, 269, 199, 5, 225, 'd', 231, 'd', 'a', 'a', 'a', 'a', 's', 'd', 251, 246, 68, 212, 102, 178, 136, 180, 138, 182, 140, 184, 142, 186, 144, 152, 146, 118, 148, 116, 150, 114, 152, 112, 186, 110, 220, 108, 218, 106, 216, 104, 214, 70, 212, 36, 246, 34, 280]
Game 2
46744
57604
65350
78293
73576
57461
55453
69374
82618
80830
75954
64439
88685
72998
78506
63377
85381
66544
86128
44435
95348
63084
112625
118252
120652
129495
129864
0
['s', 'w', 25, 161, 55, 59, 29, 45, 15, 37, 'a', 119, 'w', 123, 65, 87, 109, 265, 165, 269, 233, 77, 'a', 'd', 229, 'a', 215, 244, 2, 210, 36, 176, 70, 178, 68, 180, 102, 182, 104, 184, 106, 186, 108, 152, 74, 150, 76, 148, 110, 146, 144, 110, 146, 76, 148, 74, 150, 108, 152, 106, 186, 104, 184, 102, 182, 68, 180, 34, 214, 0]
