Game 1
47562
63111
67451
75310
68541
67284
70097
67360
69955
65940
80241
69847
47520
96316
63512
89150
72623
100736
79123
97976
94245
87739
1
['s', 'w', 25, 161, 21, 157, 29, 165, 17, 153, 99, 201, 95, 59, 77, 263, 15, 197, 211, 55, 193, 35, 40, 248, 38, 250, 36, 284, 70, 282, 104, 280, 138, 278, 140, 244, 142, 210, 144, 208, 146, 174, 148, 176, 150, 178, 152, 180, 186, 182, 184, 186.0, 182, 152.0, 180, 150.0, 178, 148.0, 176, 146.0, 174, 144.0, 208, 110.0, 242, 76.0, 276]
Game 2
46688
61953
72697
74551
54141
63408
61096
58999
56768
55914
54663
57891
55804
56255
56925
56867
57831
58844
72109
92156
81212
84284
81393
86521
112413
116586
142503
160022
200578
224773
235650
265307
0
['s', 'w', 25, 263, 21, 259, 29, 267, 17, 255, 'd', 'd', 'd', 'd', 65, 235, 129, 163, 's', 'w', 61, 231, 57, 227, 53, 223, 179, 'd', 's', 'w', 'd', 115, 82, 150, 80, 116, 114, 82, 112, 80, 110, 78, 144, 76, 178, 74, 212, 72, 210, 70, 208, 68, 206, 34, 204, 36, 238, 38, 240, 40, 242, 42, 244, 44, 246, 46, 248, 48, 250, 50, 252, 16]
