Game 1
45995
60108
68584
64090
57246
61540
60841
58734
56690
55022
54156
54947
55737
53361
56719
55496
55279
60181
66121
85116
80322
81149
70428
78914
67508
104558
130202
223329
0
['s', 'w', 25, 263, 21, 259, 29, 267, 17, 255, 'd', 'd', 'd', 'd', 65, 235, 129, 163, 's', 'w', 61, 167, 57, 159, 53, 107, 175, 77, 114, 250, 116, 248, 150, 246, 148, 244, 146, 242, 144, 208, 110, 174, 76, 140, 74, 106, 72, 70, 106, 68, 140, 34, 174, 36, 208, 38, 242, 40, 244, 42, 246, 44, 248, 46, 250, 48, 252, 50, 254, 16]
Game 2
45835
59508
67817
73098
68187
58088
56466
68251
79901
78512
80722
65699
93746
78336
95140
68146
79341
72201
66784
73121
115580
112048
130795
160876
166422
227396
0
['s', 'w', 23, 159, 61, 57, 19, 39, 1, 47, 'd', 133, 'w', 129, 51, 97, 163, 123, 155, 91, 167, 'a', 243, 'w', 27, 187, 12, 176, 14, 174, 48, 172, 82, 170, 84, 136, 118, 102, 116, 104, 114, 106, 112, 108, 110, 112.0, 144, 114.0, 142, 116.0, 140, 118.0, 138, 84.0, 136, 50.0, 170, 16.0]
