Game 1
46812
64244
67381
78731
68777
69248
71541
67184
71127
62931
72062
65929
45886
92668
59647
90514
68976
91906
78315
97290
109103
96319
1
['s', 'w', 23, 159, 27, 163, 19, 155, 31, 167, 85, 187, 89, 57, 75, 191, 1, 261, 149, 185, 61, 211, 44, 212, 46, 178, 48, 176, 82, 174, 116, 172, 114, 170, 148, 136, 146, 138, 144, 140, 142, 144.0, 140, 110.0, 138, 76.0, 136, 78.0, 170, 80.0, 172, 82.0, 174, 48.0, 176, 46.0, 178, 44.0, 212, 42.0, 246, 40.0, 248, 38.0, 282]
Game 2
46642
62178
63912
70437
63097
63916
61058
59093
58355
55907
55012
58669
56744
55610
59242
56932
58667
61346
69613
89400
78131
77713
82014
93144
109332
125149
151868
157390
174277
210004
223168
243124
0
['s', 'w', 25, 263, 21, 259, 29, 267, 17, 255, 'd', 'd', 'd', 'd', 65, 235, 129, 197, 's', 'w', 61, 231, 57, 227, 179, 223, 53, 'd', 's', 'w', 'd', 115, 82, 150, 80, 116, 114, 82, 112, 80, 110, 78, 144, 76, 178, 74, 212, 72, 210, 70, 208, 68, 206, 34, 204, 36, 238, 38, 240, 40, 242, 42, 244, 44, 246, 46, 248, 48, 250, 50, 252, 16]
