Game 1
47436
59718
64606
72607
67931
58358
55372
68409
79977
79208
82299
62871
88085
56460
47340
51125
67942
60275
96310
47898
91589
52362
66487
120643
124998
133911
140537
153616
155846
151107
151381
158151
164954
179665
181572
202910
204386
0
['s', 'w', 23, 159, 61, 57, 19, 39, 1, 47, 'd', 167, 'w', 163, 51, 97, 'd', 259, 155, 255, 89, 75, 175, 'a', 'd', 'a', 'd', 'a', 's', 'w', 's', 'a', 187, 'd', 's', 'd', 127, 174, 152, 172, 150, 170, 148, 136, 146, 138, 144, 140, 142, 144.0, 140, 146.0, 138, 148.0, 136, 114.0, 170, 116.0, 172, 118.0, 174, 84.0, 208, 50.0, 242, 16.0]
Game 2
46357
61435
66773
75932
69643
60791
56183
75871
67189
62404
66626
59376
55238
61455
61113
66733
58019
55511
90930
94698
84434
77517
71769
70344
81252
84222
99067
98083
143161
147070
184490
185179
1
['s', 'w', 23, 159, 95, 57, 19, 'd', 99, 39, 231, 77, 247, 27, 217, 119, 145, 167, 177, 's', 199, 'd', 'd', 'd', 'd', 'w', 'd', 35, 'w', 89, 'a', 163, 10, 218, 8, 220, 6, 186, 4, 184, 2, 182, 0, 180, 34, 214, 68, 212, 102, 246, 104, 244, 106, 210, 140, 176, 174, 172.0, 208, 138.0, 242, 140.0, 276]
