Game 1
39928
51876
55936
66578
64639
50105
44264
53614
59505
69836
71059
57159
77098
46150
38544
43889
65384
66942
71137
48637
78178
48674
65091
69598
76038
85774
85705
0
['s', 'w', 25, 161, 55, 59, 29, 45, 15, 37, 'a', 153, 'w', 157, 65, 19, 165, 201, 'a', 197, 193, 'a', 189, 255, 209, 's', 223, 276, 2, 242, 0, 240, 34, 238, 68, 204, 102, 170, 136, 172, 138, 174, 140, 176, 142, 178, 144, 180, 146, 182, 148, 184, 150, 186, 152, 118.0, 186, 116.0, 184, 114.0, 182, 112.0, 180, 110.0, 178, 108.0, 176, 106.0, 174, 104.0, 172, 70.0, 170, 36.0, 204, 34.0, 238, 0.0]
Game 2
40567
52216
51466
62919
60207
51522
43028
60908
52038
59552
62313
60115
60821
68664
47855
56042
56620
55644
55463
66409
67679
73303
76022
95288
124231
79768
150555
155509
110237
81621
101739
99246
206564
197707
317219
514853
513159
680994
0
['s', 'w', 23, 159, 95, 57, 19, 'w', 179, 'a', 175, 's', 243, 'd', 'd', 'd', 's', 'w', 'a', 'w', 's', 197, 129, 109, 99, 'w', 43, 235, 73, 155, 'w', 103, 'a', 221, 's', 167, 'w', 231, 108, 144, 142, 110, 140, 76, 106, 74, 72, 108, 70, 142, 68, 140, 102, 106, 136, 72, 170, 38, 204, 36, 206, 34, 208, 0]
