Game 1
46372
61810
69128
77643
69006
59063
54268
69038
82146
81928
79804
70036
88495
86775
133745
87519
144426
92723
144892
75151
132598
83902
71883
111329
113344
112645
120114
1
['s', 'w', 23, 159, 61, 57, 19, 39, 1, 47, 'd', 167, 'd', 29, 89, 85, 'a', 193, 213, 163, 189, 221, 263, 'a', 259, 'a', 171, 240, 10, 274, 12, 276, 14, 278, 16, 280, 50, 282, 84, 284, 118, 250, 152, 216, 150, 182, 148, 180, 146, 178, 144, 176, 142, 174, 140, 106.0, 174, 108.0, 176, 110.0, 178, 112.0, 180, 114.0, 214, 116.0, 248, 82.0, 250, 48.0, 284]
