Game 1
39906
52320
55415
67102
58172
49495
44616
53169
59809
63877
73479
29666
77049
28453
110477
71666
111255
75847
111012
79745
79291
81313
127733
130763
170347
1
['s', 'w', 23, 159, 61, 57, 19, 39, 'd', 11, 'w', 187, 211, 219, 195, 191, 199, 49, 99, 149, 29, 79, 251, 'd', 231, 246, 8, 212, 6, 214, 4, 216, 2, 218, 0, 252, 34, 286, 68, 288, 102, 254, 136, 220, 138, 186, 140, 152, 142, 118, 144, 116, 146, 114, 148, 182.0, 114, 148.0, 116, 146.0, 150, 112.0, 184, 110.0, 186, 108.0, 220, 106.0, 254, 72.0, 288]
Game 2
39583
52658
55818
62461
55247
55570
55543
56395
52716
52479
48253
54480
28271
69333
26283
74337
39422
73968
59791
91102
76186
107477
120055
119647
1
['s', 'w', 23, 159, 27, 163, 19, 155, 31, 'a', 119, 167, 123, 57, 73, 255, 1, 225, 249, 83, 171, 259, 'd', 263, 78, 242, 112, 240, 146, 238, 144, 204, 142, 170, 140, 136, 138, 140.0, 136, 142.0, 170, 144.0, 204, 110.0, 238, 76.0, 240, 78.0, 206, 44.0, 208, 42.0, 210, 40.0, 212, 38.0, 214, 72.0, 216, 70.0, 250, 68.0, 284]
