Game 1
39381
50846
62081
65616
56415
51602
54648
58772
54326
58750
50024
51232
54050
54848
60255
84072
61565
69855
73968
77329
63931
71602
92949
102098
119798
130716
137277
1
['s', 'w', 25, 161, 21, 157, 29, 165, 51, 221, 's', 'w', 's', 'w', 's', 107, 133, 113, 17, 225, 185, 115, 43, 229, 49, 125, 139, 212, 146, 210, 112, 208, 110, 206, 76, 172, 74, 138, 72, 104, 106, 70, 104, 72, 138, 74, 172, 108, 206, 110, 208, 112, 210, 78, 212, 80, 214, 82, 216, 116, 250, 118, 284]
Game 2
38643
52994
54936
63423
59433
51310
42853
55030
57389
48426
73397
29133
78722
28353
104212
37910
109546
63906
132209
100362
141030
79151
75502
85343
78405
88702
70072
97953
85257
172143
189203
228292
246380
0
['s', 'w', 23, 159, 61, 57, 19, 39, 'd', 11, 'w', 119, 71, 117, 'a', 225, 13, 43, 229, 221, 199, 269, 'a', 'd', 'a', 'd', 'a', 'w', 31, 'a', 195, 'a', 177, 214, 0, 216, 34, 218, 36, 220, 38, 186, 72, 184, 106, 150, 140, 116, 142, 114, 144, 112, 146, 110, 180, 108, 182, 106, 184, 72, 186, 38, 220, 36, 254, 34, 252, 0]
