Game 1
39510
52875
55624
63765
56386
56246
53978
57882
53370
51309
57427
64693
27759
73807
38326
93808
67680
111283
64820
132159
161599
176962
1
['s', 'w', 23, 159, 27, 163, 19, 155, 31, 201, 85, 187, 105, 57, 5, 129, 13, 125, 77, 1, 209, 265, 44, 212, 78, 178, 112, 180, 114, 182, 116, 184, 150, 116.0, 184, 150.0, 182, 148.0, 216, 146.0, 250, 144.0, 252, 142.0, 286]
Game 2
39642
51789
58015
54744
51193
53517
53403
50092
48933
48819
46898
48712
49070
44585
44373
46602
49937
53230
55428
56753
58973
64086
68593
75959
47989
73604
95843
99041
1
['s', 'w', 25, 263, 21, 259, 29, 267, 17, 255, 'd', 'd', 'd', 'd', 's', 'w', 65, 201, 61, 197, 57, 193, 53, 189, 153, 141, 71, 77, 114, 214, 148, 212, 146, 210, 144, 208, 110, 206, 108, 204, 106, 170, 140, 172, 174, 140, 172, 138, 170, 104, 204, 70, 238, 68, 240, 34, 242, 36, 244, 38, 246, 40, 248, 42, 250, 44, 252, 46, 254, 48, 288]
