Game 1
46930
58897
70565
77459
68663
66376
68735
66461
70337
65660
83318
91437
38413
101662
71950
118624
91963
141806
131678
153676
158837
171782
1
['s', 'w', 25, 161, 21, 157, 29, 165, 17, 187, 133, 113, 115, 59, 11, 91, 77, 123, 49, 119, 71, 191, 40, 212, 74, 178, 72, 176, 106, 174, 108, 172, 110, 138, 144, 140, 142, 144.0, 140, 146.0, 138, 112.0, 172, 78.0, 174, 80.0, 176, 82.0, 178, 116.0, 212, 118.0, 246, 84.0, 280]
Game 2
47602
59655
64933
73899
70926
59696
55913
70398
67447
62646
66546
83815
83778
56646
97181
44902
59248
57556
80315
90319
89481
69522
110392
74900
80806
88371
95474
110908
110753
115778
115618
118474
118516
123822
123612
139283
138777
0
['s', 'w', 23, 159, 95, 57, 19, 'd', 99, 39, 'd', 91, 'w', 119, 'a', 123, 111, 'a', 155, 221, 'a', 225, 229, 211, 215, 147, 197, 's', 'a', 'd', 'a', 'd', 'a', 'd', 's', 'w', 87, 218, 68, 184, 102, 150, 104, 116, 106, 114, 108, 112, 110, 146, 144, 180, 142, 178, 140, 176, 138, 174, 136, 172, 170, 136, 172, 138, 174, 140, 176, 142, 178, 144, 180, 110, 146, 108, 112, 106, 114, 104, 148, 102, 182, 68, 184, 34, 218, 0]
