Game 1
46840
63938
74006
77544
72843
58339
54315
67559
81248
82417
78320
62911
94138
77573
89001
63272
84708
70867
68717
65517
103275
109959
144135
145262
149904
157844
147162
1
['s', 'w', 25, 161, 55, 59, 29, 45, 15, 37, 'a', 119, 'w', 123, 65, 19, 157, 267, 165, 93, 127, 199, 115, 'w', 'a', 's', 133, 212, 2, 178, 0, 176, 34, 174, 68, 172, 102, 138, 104, 140, 106, 142, 108, 144, 110, 146, 112, 148, 114, 80.0, 148, 114.0, 146, 112.0, 144, 110.0, 142, 108.0, 140, 106.0, 138, 104.0, 172, 70.0, 206, 36.0, 240, 34.0, 274]
