Game 1
47458
60834
64412
78038
73756
57924
53891
70257
82706
83164
79086
67630
92654
80690
84128
64078
80058
71138
68750
65650
110301
111837
142837
151568
154528
162923
171013
179257
232080
1
['s', 'w', 25, 161, 55, 59, 29, 45, 15, 37, 'a', 119, 'w', 123, 65, 19, 157, 265, 165, 93, 127, 269, 115, 'w', 'a', 'w', 'a', 'a', 173, 178, 0, 180, 34, 182, 68, 184, 102, 186, 104, 152, 106, 118, 108, 84, 110, 82, 112, 80, 114, 148.0, 146, 114.0, 144, 112.0, 142, 110.0, 140, 108.0, 138, 106.0, 172, 104.0, 206, 70.0, 240, 36.0, 274]
