Game 1
40287
52040
59559
55343
54004
52836
53106
50303
50305
48842
45895
49052
48920
45485
46305
48393
47258
79460
57452
57899
50819
49362
55051
55121
53056
97783
128535
219608
0
['s', 'w', 25, 263, 21, 259, 29, 267, 17, 255, 'd', 'd', 'd', 'd', 65, 235, 's', 'w', 61, 231, 57, 227, 53, 223, 143, 129, 81, 125, 114, 214, 112, 212, 110, 210, 108, 176, 106, 142, 140, 138.0, 174, 104.0, 208, 70.0, 206, 68.0, 204, 34.0, 238, 36.0, 240, 38.0, 242, 40.0, 244, 42.0, 246, 44.0, 248, 46.0, 250, 48.0, 252, 50.0, 254, 16.0]
Game 2
39461
54181
55194
68051
54910
53876
57792
58922
53336
54579
51327
53826
32167
71763
38862
68484
47095
73167
62350
82182
94626
99185
1
['s', 'w', 25, 161, 21, 157, 29, 165, 17, 153, 99, 201, 95, 59, 77, 197, 15, 123, 3, 73, 269, 143, 40, 212, 74, 178, 108, 180, 110, 182, 144, 184, 146, 186, 148, 152, 150, 148.0, 152, 146.0, 186, 144.0, 184, 110.0, 182, 76.0, 180, 74.0, 178, 40.0, 212, 42.0, 246, 44.0, 280]
