Game 1
39539
53006
53350
60253
55171
58119
56083
58128
55878
52375
54296
58706
32151
67432
38752
69419
52217
81645
65820
83139
94407
100977
1
['s', 'w', 23, 159, 27, 163, 19, 155, 31, 167, 85, 187, 89, 57, 75, 251, 131, 191, 1, 199, 221, 213, 44, 212, 78, 178, 112, 176, 146, 174, 144, 172, 142, 170, 140, 136, 138, 140.0, 136, 142.0, 170, 144.0, 172, 110.0, 174, 76.0, 176, 78.0, 178, 44.0, 212, 42.0, 246, 40.0, 280]
Game 2
40080
52803
57575
53128
54613
54088
52112
50466
49808
48542
45779
49171
49117
45300
42295
47592
47826
52751
56167
56333
52085
49116
54339
55258
53003
99824
128081
218402
0
['s', 'w', 25, 263, 21, 259, 29, 267, 17, 255, 'd', 'd', 'd', 'd', 's', 'w', 65, 235, 61, 231, 57, 227, 53, 223, 143, 129, 81, 125, 114, 214, 112, 212, 110, 210, 108, 176, 106, 142, 140, 138.0, 174, 104.0, 208, 70.0, 206, 68.0, 204, 34.0, 238, 36.0, 240, 38.0, 242, 40.0, 244, 42.0, 246, 44.0, 248, 46.0, 250, 48.0, 252, 50.0, 254, 16.0]
