Game 1
47802
61459
68356
77237
72810
57949
57125
68967
81962
83036
80117
60567
85081
55761
48820
52064
80291
80485
89645
70408
97604
59455
97938
101706
105145
106786
107123
1
['s', 'w', 25, 161, 55, 59, 29, 45, 15, 37, 'a', 153, 'w', 157, 65, 19, 165, 201, 'a', 197, 193, 247, 209, 'a', 259, 'd', 207, 280, 2, 278, 0, 276, 34, 274, 68, 240, 102, 206, 136, 172, 138, 174, 140, 176, 142, 178, 144, 180, 146, 182, 148, 184, 150, 186, 152, 118.0, 186, 116.0, 184, 114.0, 182, 112.0, 180, 110.0, 178, 108.0, 176, 106.0, 174, 104.0, 172, 70.0, 206, 36.0, 240, 34.0, 274]
