Game 1
46975
62495
72846
74233
63875
62804
61954
59004
57197
57164
54467
59632
56043
57359
57614
57248
56605
61610
74833
89180
84003
81032
86402
91631
104680
124141
147569
157034
167146
175627
212849
214298
0
['s', 'w', 25, 263, 21, 259, 29, 267, 17, 255, 'd', 'd', 'd', 'd', 65, 235, 129, 197, 's', 'w', 61, 231, 57, 227, 179, 223, 53, 'd', 'd', 'w', 's', 115, 82, 150, 80, 116, 114, 82, 112, 80, 110, 78, 144, 76, 178, 74, 212, 72, 210, 70, 208, 68, 206, 34, 204, 36, 238, 38, 240, 40, 242, 42, 244, 44, 246, 46, 248, 48, 250, 50, 252, 16]
