Game 1
47334
63282
65807
75889
68952
59683
57000
68847
81933
81865
83386
64644
93606
78275
92564
71197
90391
70813
68731
69980
111332
109500
141508
149387
160991
159514
159537
164577
166323
160311
166291
1
['s', 'w', 23, 159, 61, 57, 19, 39, 1, 47, 'd', 133, 'w', 129, 51, 29, 163, 259, 155, 91, 125, 255, 105, 'w', 'd', 'w', 'd', 'd', 'd', 'a', 173, 180, 50, 182, 84, 184, 118, 150, 116, 148, 114, 146, 112, 144, 110, 142, 108, 140, 106, 72.0, 140, 106.0, 142, 108.0, 144, 110.0, 146, 112.0, 148, 114.0, 150, 116.0, 184, 82.0, 218, 48.0, 252, 50.0, 286]
Game 2
47088
60452
73454
77796
70314
66065
68751
68246
67919
65530
80976
95325
41782
96466
55960
92350
65580
96232
84162
106628
125449
141542
1
['s', 'w', 25, 161, 21, 157, 29, 165, 17, 221, 133, 269, 115, 225, 229, 265, 49, 261, 43, 57, 93, 217, 40, 248, 38, 250, 72, 216, 106, 182, 140, 180, 138, 178, 172, 176, 206, 174, 208, 172, 210, 138, 212, 104, 214, 106, 216, 108, 250, 110, 248, 112, 246, 114, 244, 80, 242, 82, 276]
