Game 1
48274
60304
69752
75040
60982
63871
61442
58884
57072
56874
54917
58470
56537
54434
55013
57033
62536
59720
63856
94941
80261
80519
80933
85964
111752
115968
141129
151741
196931
222491
233481
260539
0
['s', 'w', 25, 263, 21, 259, 29, 267, 17, 255, 'd', 'd', 'd', 'd', 65, 235, 129, 163, 's', 'w', 61, 231, 57, 227, 53, 223, 179, 'd', 's', 'w', 'd', 115, 82, 150, 80, 116, 114, 82, 112, 80, 110, 78, 144, 76, 178, 74, 212, 72, 210, 70, 208, 68, 206, 34, 204, 36, 238, 38, 240, 40, 242, 42, 244, 44, 246, 46, 248, 48, 250, 50, 252, 16]
Game 2
45520
58139
67848
78943
70868
67960
69611
67033
68023
65000
76853
72347
46879
91726
60402
89757
68752
91757
71394
87838
97282
100913
1
['s', 'w', 23, 159, 27, 163, 19, 155, 31, 167, 85, 187, 89, 57, 75, 191, 1, 61, 49, 71, 115, 261, 44, 212, 46, 178, 48, 176, 82, 174, 80, 172, 114, 170, 148, 136, 146, 138, 144, 140, 142, 144.0, 140, 110.0, 138, 76.0, 136, 78.0, 170, 80.0, 172, 82.0, 174, 48.0, 176, 46.0, 178, 44.0, 212, 42.0, 246, 40.0, 248, 38.0, 282]
