Game 1
46697
60840
65723
74694
74032
57467
54721
68595
80116
90520
77882
59182
85364
57153
48205
51894
80136
81568
89832
70006
97823
60410
99048
103423
107659
117217
119000
1
['s', 'w', 25, 161, 55, 59, 29, 45, 15, 37, 'a', 153, 'w', 157, 65, 19, 165, 201, 'a', 197, 193, 213, 209, 'w', 5, 's', 245, 212, 2, 210, 0, 244, 34, 278, 68, 276, 102, 242, 136, 208, 138, 174, 140, 176, 142, 178, 144, 180, 146, 182, 148, 184, 150, 186, 152, 118.0, 186, 116.0, 184, 114.0, 182, 112.0, 180, 110.0, 178, 108.0, 176, 106.0, 174, 104.0, 208, 70.0, 242, 36.0, 276]
Game 2
46250
62846
64009
78699
68316
59477
55099
68534
82520
82493
80894
66083
86853
58310
46825
53162
71167
60972
93776
46825
91203
54264
66143
68324
67839
138208
143087
155065
157052
0
['s', 'w', 23, 159, 61, 57, 19, 39, 1, 47, 'd', 167, 'w', 163, 51, 29, 'd', 259, 155, 255, 'd', 241, 177, 'a', 71, 'w', 175, 's', 111, 242, 16, 208, 50, 174, 84, 172, 118, 170, 116, 136, 114, 138, 80, 140, 78, 106, 76, 108, 110, 74, 144, 76, 142, 78, 140, 112, 138, 114, 136, 116, 170, 82, 204, 48, 206, 50, 208, 16]
