Game 1
47321
68573
72332
74088
66804
69705
68142
66607
67555
61865
70959
67420
47678
93024
61433
90002
68795
93035
83212
106219
123017
136051
1
['s', 'w', 23, 159, 27, 163, 19, 155, 31, 167, 85, 187, 89, 57, 75, 191, 1, 119, 81, 213, 13, 211, 44, 212, 78, 178, 112, 176, 146, 174, 144, 172, 142, 170, 140, 136, 138, 140.0, 136, 142.0, 170, 144.0, 172, 110.0, 174, 76.0, 176, 78.0, 178, 44.0, 212, 42.0, 246, 40.0, 280]
Game 2
46893
60384
70607
75442
73790
57550
53850
69727
81071
67497
105925
38472
119574
39282
127270
57073
113193
81747
146961
117053
108612
138074
134347
131095
132146
127861
119412
113733
118422
136233
127035
147574
201991
165654
154543
219198
230141
195795
273555
302611
329795
440784
395567
449802
1007240
1180868
1316131
1367308
1558669
1581818
0
['s', 'w', 25, 161, 55, 59, 29, 45, 'a', 5, 17, 'd', 'w', 167, 231, 37, 179, 113, 217, 's', 199, 'd', 'd', 'd', 'd', 'd', 'd', 'w', 'd', 'w', 'd', 'w', 's', 'a', 's', 'a', 'a', 'w', 'a', 97, 65, 'w', 'd', 131, 89, 'd', 'd', 'd', 's', 267, 150, 84, 148, 82, 182, 80, 184, 46, 186, 48, 220, 50, 254, 16]
