Game 1
47510
61117
69296
73083
68765
57986
57928
68488
82797
82672
81730
66905
86475
68686
103893
67085
57332
61231
84064
74192
80635
94105
112251
100686
93274
95551
105635
117087
161241
167435
178164
1
['s', 'w', 23, 159, 61, 57, 19, 39, 1, 47, 'd', 'w', 'w', 133, 179, 129, 51, 97, 'd', 259, 155, 125, 173, 's', 'd', 'a', 'd', 255, 105, 'a', 89, 244, 50, 246, 84, 248, 118, 214, 116, 180, 114, 146, 112, 144, 110, 142, 108, 140, 106, 108, 140, 110, 142, 112, 144, 114, 146, 116, 180, 118, 214, 84, 248, 50, 282]
Game 2
46337
61297
65940
76466
74530
58061
56014
68720
82550
82849
74056
66678
96851
83521
131953
93020
139612
146482
236474
229321
279401
256070
315507
350033
361497
0
['s', 'w', 25, 161, 55, 59, 29, 45, 15, 37, 'a', 119, 'a', 19, 177, 123, 113, 245, 151, 47, 219, 179, 251, 'd', 165, 214, 40, 216, 6, 218, 4, 252, 2, 286, 0, 288, 34, 254, 68, 220, 102, 186, 104, 152, 106, 118, 108, 84, 110, 50, 144, 16]
