Game 1
47427
59936
64526
74702
59422
63382
60733
59203
56652
56379
53518
57800
57116
56574
56815
56166
58253
60116
62416
88377
79125
75935
78937
88095
97934
118778
143970
155345
173701
208015
190812
233130
0
['s', 'w', 25, 263, 21, 259, 29, 267, 17, 255, 'd', 'd', 'd', 'd', 65, 235, 129, 197, 's', 'w', 61, 231, 57, 227, 53, 223, 179, 'd', 's', 'w', 'd', 115, 82, 150, 80, 116, 114, 82, 112, 80, 110, 78, 144, 76, 178, 74, 212, 72, 210, 70, 208, 68, 206, 34, 204, 36, 238, 38, 240, 40, 242, 42, 244, 44, 246, 46, 248, 48, 250, 50, 252, 16]
Game 2
46040
63151
65068
76932
73111
57307
53292
69510
80861
82212
77585
60763
85565
57902
47906
52017
76054
60045
87215
69652
95497
65817
70887
77184
78507
110619
116251
0
['s', 'w', 25, 161, 55, 59, 29, 45, 15, 37, 'a', 153, 'w', 157, 65, 19, 165, 235, 'a', 231, 227, 'a', 209, 's', 257, 133, 267, 276, 2, 274, 0, 272, 34, 238, 68, 204, 102, 170, 136, 172, 138, 174, 140, 176, 142, 178, 144, 180, 146, 182, 148, 184, 150, 186, 152, 150, 186, 148, 184, 114, 182, 112, 180, 110, 178, 108, 176, 106, 174, 104, 208, 70, 242, 36, 240, 34, 238, 0]
