Game 1
38675
51090
58034
61315
54921
53159
53838
54541
52361
50168
55572
59506
28209
68747
34425
88206
63051
112576
104522
131245
168178
166600
1
['s', 'w', 23, 159, 27, 163, 19, 155, 31, 201, 85, 187, 103, 57, 5, 95, 77, 109, 175, 131, 73, 1, 44, 212, 78, 178, 80, 180, 82, 182, 116, 184, 118, 150, 152, 148, 186, 146, 184, 144, 182, 110, 216, 76, 250, 74, 284]
Game 2
38786
51336
57093
64622
63880
48682
43095
56744
56640
71852
74759
57102
70349
56909
53602
50941
65896
56273
65290
53775
66591
43838
108714
56322
137482
120790
148046
153195
153553
163087
164435
1
['s', 'w', 25, 161, 55, 59, 29, 45, 15, 37, 'a', 'a', 'w', 153, 225, 'd', 'a', 19, 'a', 221, 'a', 261, 229, 63, 133, 211, 129, 'd', 215, 's', 199, 284, 34, 250, 68, 216, 102, 218, 136, 220, 138, 186, 140, 152, 174, 150, 176, 148, 178, 146, 180, 144, 182, 110, 184, 108, 186, 106, 220, 104, 254, 70, 288]
