Game 1
39453
53174
54358
63090
62502
47424
42627
51470
56769
58510
68626
28803
73938
27141
86249
32438
93796
37717
89141
69483
97053
58276
102227
81114
91925
116887
130920
0
['s', 'w', 25, 161, 55, 59, 29, 45, 'a', 5, 'w', 201, 'd', 89, 17, 'd', 231, 85, 213, 269, 249, 183, 193, 's', 189, 139, 103, 280, 10, 246, 12, 212, 14, 210, 16, 208, 50, 206, 84, 204, 118, 170, 116, 172, 114, 138, 112, 104, 110, 106, 108, 110.0, 106, 76.0, 104, 74.0, 138, 72.0, 172, 70.0, 170, 36.0, 204, 38.0, 238, 4.0]
Game 2
38251
52539
52845
63674
54488
53327
52883
56156
52046
50990
47683
58838
25369
63980
25327
84818
63390
108454
87935
143517
118310
163645
181424
189963
1
['s', 'w', 23, 159, 27, 163, 19, 155, 31, 269, 85, 'w', 177, 225, 245, 115, 103, 57, 39, 93, 61, 1, 'd', 9, 46, 178, 48, 180, 82, 182, 116, 184, 150, 116.0, 184, 82.0, 218, 80.0, 252, 114.0, 250, 112.0, 284]
