Game 1
39091
51053
58523
65205
59452
47707
42648
51674
56575
56838
67549
28601
75314
27286
91353
42199
109359
69761
89968
52430
126882
92392
129325
152544
156580
0
['s', 'w', 25, 161, 55, 59, 29, 45, 'a', 5, 'w', 201, 19, 177, 129, 63, 227, 209, 247, 133, 51, 125, 259, 's', 157, 278, 8, 276, 10, 274, 12, 240, 14, 206, 16, 172, 50, 138, 84, 104, 118, 106, 116, 108, 114, 110, 112, 114.0, 110, 80.0, 108, 82.0, 106, 84.0, 140, 50.0, 138, 16.0]
Game 2
39094
50973
59094
66867
61976
47896
42665
51022
56582
59383
69393
28504
80067
33681
105652
74002
127842
79276
112044
74262
128746
112940
171214
197109
210111
0
['s', 'w', 25, 161, 55, 59, 29, 45, 'a', 5, 17, 133, 113, 35, 179, 'd', 165, 3, 'w', 201, 75, 207, 119, 225, 231, 250, 8, 252, 10, 218, 12, 216, 14, 182, 16, 184, 50, 186, 84, 152, 118, 150, 116, 148, 114, 80.0, 148, 46.0, 150, 48.0, 152, 50.0, 186, 16.0]
