Game 1
37831
51644
56693
53202
50334
51666
51220
49617
48779
47797
44506
48273
47616
43723
41840
45773
46807
53110
46278
44066
45348
46205
58526
63321
63461
67625
79032
78416
1
['s', 'w', 25, 263, 21, 259, 29, 267, 17, 255, 'd', 'd', 'd', 'd', 's', 'w', 65, 167, 61, 163, 57, 159, 53, 155, 85, 137, 89, 77, 114, 214, 148, 212, 146, 210, 144, 208, 110, 206, 108, 204, 106, 170, 104, 136, 102, 104, 136, 106, 170, 108, 204, 110, 238, 76, 240, 74, 242, 72, 244, 70, 246, 68, 248, 34, 250, 36, 252, 38, 254, 40, 288]
Game 2
38171
51227
59839
55268
50121
51846
51367
49141
48339
46568
45774
47477
47658
45253
42015
45781
51012
51340
53613
55033
57883
59109
64776
70901
42385
78824
89018
93406
102984
1
['s', 'w', 25, 263, 21, 259, 29, 267, 17, 255, 'd', 'd', 'd', 'd', 's', 'w', 65, 201, 61, 197, 57, 193, 53, 189, 119, 141, 'a', 77, 171, 250, 112, 248, 146, 246, 144, 244, 110, 242, 108, 240, 106, 238, 140, 204, 138, 170, 136, 138, 170, 140, 204, 106, 238, 72, 240, 70, 242, 68, 244, 34, 246, 36, 248, 38, 250, 40, 252, 42, 254, 44, 288]
