Game 1
38441
50922
51561
62479
58289
49020
42519
50928
56071
59875
67651
28083
84435
60760
138421
75517
145408
114272
170756
142832
163949
189631
212291
365364
0
['s', 'w', 23, 159, 61, 57, 19, 39, 'd', 11, 177, 119, 107, 'a', 225, 241, 149, 133, 229, 253, 129, 155, 215, 187, 10, 278, 8, 280, 6, 282, 4, 284, 2, 250, 0, 216, 34, 182, 68, 148, 102, 146, 104, 144, 106, 110, 140, 76, 138, 78, 136, 80, 170, 82, 172, 48, 174, 14]
Game 2
37924
50807
51298
57882
53476
55637
53038
58018
52406
49428
51275
57127
31407
64761
36251
65039
45686
65484
54557
66442
79980
85557
1
['s', 'w', 23, 159, 27, 163, 19, 155, 31, 167, 85, 187, 89, 57, 75, 191, 229, 261, 1, 133, 13, 247, 44, 244, 78, 210, 112, 212, 146, 178, 144, 176, 142, 174, 140, 172, 138, 170, 136, 102.0, 170, 136.0, 172, 138.0, 174, 140.0, 176, 142.0, 178, 144.0, 212, 110.0, 210, 76.0, 244, 78.0, 242, 44.0, 276]
