Game 1
39844
52883
55939
59974
58431
49600
42133
52018
56532
61428
69047
27487
86689
38026
104756
42922
93680
42297
72295
65706
88522
98475
113586
117334
129792
130800
143584
144290
155489
157666
169050
170117
182466
185154
195691
200527
224649
228377
238378
243603
0
['s', 'w', 23, 159, 61, 57, 19, 39, 'd', 11, 163, 85, 177, 'a', 155, 103, 65, 235, 213, 231, 197, 217, 13, 'd', 'w', 'w', 'a', 'w', 'a', 'd', 'a', 'd', 'a', 'd', 'a', 'w', 's', 'w', 'd', 113, 70, 82, 72, 80, 106, 78, 108, 112, 74, 110, 76, 108, 78, 106, 80, 72, 114, 38, 148, 36, 150, 34, 184, 0]
Game 2
38748
52495
48368
52861
49785
53431
51124
48170
47723
46639
45928
47220
47877
44933
45205
47230
47348
48804
58336
57781
55460
53392
56858
74288
77725
106184
110834
108514
0
['s', 'w', 25, 263, 21, 259, 29, 267, 17, 255, 'd', 'd', 'd', 'd', 65, 235, 129, 'w', 's', 231, 61, 227, 57, 223, 53, 77, 145, 177, 114, 214, 116, 212, 150, 178, 184, 144, 218, 110, 216, 76, 214, 74, 212, 72, 178, 70, 144, 68, 142, 34, 176, 36, 210, 38, 208, 40, 206, 42, 204, 44, 238, 46, 240, 48, 242, 50, 244, 16]
