Game 1
38615
52028
52695
64975
57393
52091
56159
55241
51687
54431
47555
50734
49729
50582
50593
63313
47578
77893
74783
66349
63676
74962
97715
106662
70385
118722
112063
124052
129347
129899
144736
144830
161823
162264
182530
184481
221554
244018
280232
537339
733383
882709
0
['s', 'w', 25, 161, 21, 157, 29, 165, 119, 187, 's', 'w', 's', 'w', 's', 107, 65, 117, 177, 235, 179, 's', 17, 's', 99, 125, 45, 129, 'd', 'a', 'd', 'w', 'd', 'w', 'w', 'a', 'a', 'a', 'a', 'w', 'a', 91, 112, 140, 78, 106, 76, 72, 74, 76.0, 72, 78.0, 106, 112.0, 140, 114.0, 138, 80.0, 172, 46.0, 174, 48.0, 208, 50.0, 242, 16.0]
Game 2
38666
53145
56947
57962
59557
49492
42264
52705
55035
62116
69611
29331
78280
28293
99280
39653
96930
61236
110106
95852
138380
121856
71358
149449
166331
176438
206040
1
['s', 'w', 23, 159, 61, 57, 19, 39, 'd', 11, 'w', 85, 127, 261, 'a', 257, 155, 187, 75, 231, 145, 65, 209, 'd', 141, 's', 71, 280, 6, 278, 4, 276, 2, 274, 0, 272, 34, 238, 36, 204, 38, 206, 72, 208, 106, 174, 140, 172, 138, 170, 136, 102.0, 170, 136.0, 172, 138.0, 174, 140.0, 208, 106.0, 242, 72.0, 240, 38.0, 238, 36.0, 272]
