Game 1
39150
50774
50263
54372
48967
51762
50921
50586
48498
47035
46403
48016
47652
44211
42199
50897
48120
52511
54057
56303
48214
44192
49841
51580
51113
92789
121358
210377
0
['s', 'w', 25, 263, 21, 259, 29, 267, 17, 255, 'd', 'd', 'd', 'd', 's', 'w', 65, 235, 61, 231, 57, 227, 53, 223, 143, 129, 81, 125, 114, 214, 112, 212, 110, 210, 108, 176, 106, 142, 140, 138.0, 174, 104.0, 208, 70.0, 206, 68.0, 204, 34.0, 238, 36.0, 240, 38.0, 242, 40.0, 244, 42.0, 246, 44.0, 248, 46.0, 250, 48.0, 252, 50.0, 254, 16.0]
Game 2
37242
51624
52677
63158
55991
55011
54658
53375
52660
49929
49993
57972
31557
65156
37027
65442
46877
72664
63650
80390
90661
99068
1
['s', 'w', 23, 159, 27, 163, 19, 155, 31, 167, 85, 187, 89, 57, 75, 191, 81, 199, 1, 205, 145, 213, 44, 212, 78, 178, 112, 176, 110, 174, 144, 172, 142, 170, 140, 136, 138, 140.0, 136, 142.0, 170, 144.0, 172, 110.0, 174, 76.0, 176, 78.0, 178, 44.0, 212, 42.0, 246, 40.0, 280]
