Game 1
38267
51426
55805
61345
55841
50161
43581
56249
54895
54087
69834
28923
74637
30723
103500
56286
107103
77758
117685
66288
103173
56238
96168
100571
104455
0
['s', 'w', 23, 159, 61, 57, 19, 39, 'd', 11, 'w', 187, 109, 87, 47, 31, 243, 191, 195, 77, 199, 235, 215, 's', 247, 246, 8, 212, 6, 214, 4, 248, 2, 282, 0, 284, 34, 250, 68, 216, 102, 218, 136, 220, 170, 186, 172, 184, 174, 182, 176, 180, 178, 176.0, 180, 174.0, 182, 140.0, 184, 106.0, 186, 104.0, 220, 102.0, 218, 68.0, 216, 34.0, 250, 0.0]
Game 2
38329
53404
55152
66858
60477
46836
41791
52438
55214
54128
69214
28142
76454
31144
106907
67137
133021
106939
189728
177175
234731
153682
252715
304805
325877
0
['s', 'w', 25, 161, 55, 59, 29, 45, 'a', 5, 'w', 133, 113, 233, 165, 201, 181, 249, 35, 253, 121, 65, 137, 'w', 3, 178, 8, 176, 10, 142, 12, 108, 14, 74, 16, 72, 50, 70, 48, 36, 46, 2]
