Game 1
39081
51697
57828
59885
53465
51842
52804
49946
47317
47263
45310
47860
47293
45893
42582
46883
47599
50508
50379
67047
61079
60693
56700
61620
79802
92421
111984
116659
127998
166389
169576
183994
0
['s', 'w', 25, 263, 21, 259, 29, 267, 17, 255, 'd', 'd', 'd', 'd', 65, 235, 129, 197, 's', 'w', 61, 231, 57, 227, 53, 223, 179, 'd', 's', 'w', 'd', 115, 82, 150, 80, 116, 114, 82, 112, 80, 110, 78, 144, 76, 178, 74, 212, 72, 210, 70, 208, 68, 206, 34, 204, 36, 238, 38, 240, 40, 242, 42, 244, 44, 246, 46, 248, 48, 250, 50, 252, 16]
Game 2
38694
51996
53422
63383
59632
47902
42718
53631
57095
70593
72231
56872
74275
45299
37894
43853
63993
63119
65983
47896
72245
53811
51867
96152
107031
114848
116165
125636
286072
1
['s', 'w', 23, 159, 61, 57, 19, 39, 1, 47, 'd', 167, 'w', 163, 51, 29, 155, 187, 'd', 259, 209, 255, 193, 'd', 231, 'd', 'd', 'a', 247, 250, 16, 252, 50, 218, 84, 184, 118, 182, 152, 180, 150, 178, 148, 176, 146, 174, 144, 172, 142, 170, 140, 136, 138, 102, 136, 104, 170, 106, 172, 108, 174, 110, 176, 112, 178, 114, 180, 116, 214, 82, 212, 48, 246, 50, 280]
