Game 1
38621
52361
59571
52540
52918
52885
52623
49810
48023
46908
44458
46990
47732
43956
41829
47147
47964
51275
55287
53670
57526
59735
64848
70932
43944
79934
89525
93271
103459
1
['s', 'w', 25, 263, 21, 259, 29, 267, 17, 255, 'd', 'd', 'd', 'd', 's', 'w', 65, 201, 61, 197, 57, 193, 53, 189, 119, 141, 'a', 77, 171, 250, 112, 248, 146, 246, 144, 244, 110, 242, 108, 240, 106, 238, 140, 204, 138, 170, 136, 138, 170, 140, 204, 106, 238, 72, 240, 70, 242, 68, 244, 34, 246, 36, 248, 38, 250, 40, 252, 42, 254, 44, 288]
Game 2
37738
46056
51628
45912
58085
50673
48238
52799
46015
52724
52651
56752
59228
48781
63805
29511
62998
32128
55729
37355
59626
47201
62741
49470
59432
58766
58971
51506
50613
98674
94172
100975
104201
129008
131192
146450
147914
1
[127, 259, 55, 'd', 131, 25, 'a', 255, 65, 21, 'a', 3, 263, 29, 'd', 81, 267, 91, 17, 143, 'd', 'd', 'd', 249, 'd', 'd', 'd', 'd', 183, 'w', 123, 'a', 'd', 'd', 's', 'a', 233, 254, 48, 220, 46, 186, 80, 152, 114, 150, 112, 148, 110, 182, 108, 216, 106, 214, 104, 212, 138, 210, 172, 176, 206, 142, 208, 140, 210, 138, 212, 104, 178, 70, 144, 72, 146, 74, 148, 76, 150, 42, 184, 44, 218, 46, 220, 48, 254, 50, 288]
