Game 1
38820
51439
59177
52990
49995
51125
52039
48772
48094
46549
45790
47750
47589
45165
43156
47131
47546
47819
50859
69049
59413
58092
54777
55856
57545
79604
103629
174951
0
['s', 'w', 25, 263, 21, 259, 29, 267, 17, 255, 'd', 'd', 'd', 'd', 65, 235, 129, 163, 's', 'w', 61, 167, 57, 159, 53, 107, 175, 77, 114, 250, 116, 248, 150, 246, 148, 244, 146, 242, 144, 208, 110, 174, 76, 140, 74, 106, 72, 70, 106, 68, 140, 34, 174, 36, 208, 38, 242, 40, 244, 42, 246, 44, 248, 46, 250, 48, 252, 50, 254, 16]
