Game 1
39153
52552
53615
56040
48249
50700
53263
49719
47745
46691
46320
46971
48034
44891
43661
47162
48284
49394
50864
68280
62031
62219
58018
63735
85156
91675
111830
116938
127778
165778
153534
185798
0
['s', 'w', 25, 263, 21, 259, 29, 267, 17, 255, 'd', 'd', 'd', 'd', 65, 235, 129, 197, 's', 'w', 61, 231, 57, 227, 53, 223, 179, 'd', 's', 'w', 'd', 115, 82, 150, 80, 116, 114, 82, 112, 80, 110, 78, 144, 76, 178, 74, 212, 72, 210, 70, 208, 68, 206, 34, 204, 36, 238, 38, 240, 40, 242, 42, 244, 44, 246, 46, 248, 48, 250, 50, 252, 16]
Game 2
38513
52859
54023
63968
61374
50105
43211
55977
57790
70115
76436
59785
81110
47099
86167
44911
73597
48989
53423
50448
83883
85044
112012
120002
129744
131172
130217
131645
132099
124721
131278
129507
135133
1
['s', 'w', 23, 159, 61, 57, 19, 39, 1, 47, 'd', 133, 'w', 129, 51, 29, 163, 259, 155, 91, 125, 255, 105, 'w', 'd', 'w', 'd', 'd', 'd', 'a', 's', 'd', 183, 178, 84, 176, 118, 174, 116, 172, 114, 170, 112, 136, 110, 102, 108, 68, 106, 70, 140, 72, 142, 106, 144, 108, 146, 110, 148, 112, 150, 114, 184, 116, 218, 82, 252, 48, 286]
