Game 1
38430
49695
51369
55136
52794
51387
50647
50876
47770
46752
45057
48668
46644
44675
41669
46695
47926
47104
50203
66266
61597
61895
56136
62320
83576
96968
114981
117391
127124
156881
165277
187738
0
['s', 'w', 25, 263, 21, 259, 29, 267, 17, 255, 'd', 'd', 'd', 'd', 65, 235, 129, 197, 's', 'w', 61, 231, 57, 227, 179, 223, 53, 'd', 'd', 'w', 's', 115, 82, 150, 80, 116, 114, 82, 112, 80, 110, 78, 144, 76, 178, 74, 212, 72, 210, 70, 208, 68, 206, 34, 204, 36, 238, 38, 240, 40, 242, 42, 244, 44, 246, 46, 248, 48, 250, 50, 252, 16]
