Game 1
38024
51148
52452
62398
60002
48570
42639
55743
54406
57950
66666
28148
71492
26201
79420
34561
113241
59242
105393
98344
119488
72265
53594
133903
150633
166855
169406
177062
177784
175270
174406
291688
163644
168158
175317
1
['s', 'w', 23, 159, 61, 57, 19, 39, 'd', 11, 'w', 51, 'a', 259, 87, 49, 99, 119, 107, 47, 155, 221, 177, 'a', 209, 'd', 'a', 's', 'a', 'a', 'a', 'a', 'a', 'd', 227, 276, 34, 274, 36, 240, 38, 242, 72, 208, 70, 174, 68, 172, 102, 170, 104, 136, 106, 138, 140, 106, 138, 104, 136, 102, 170, 68, 204, 70, 206, 72, 208, 38, 242, 36, 240, 34, 274]
