Game 1
38503
50834
51610
64951
59581
49037
44127
52517
56517
61036
69550
27444
76615
52093
116478
72921
126808
108982
126077
98774
133175
125383
141021
134605
0
['s', 'w', 23, 159, 61, 57, 19, 39, 'd', 11, 121, 51, 107, 249, 47, 187, 175, 31, 211, 's', 259, 77, 223, 255, 10, 246, 8, 212, 6, 178, 4, 176, 2, 210, 0, 244, 34, 242, 36, 240, 38, 238, 72, 204, 106, 206, 104, 208, 102, 174, 136, 140, 170, 138, 172, 136, 174, 102, 208, 68, 206, 70, 204, 72, 238, 38, 240, 36, 242, 34, 244, 0]
Game 2
38230
52633
40781
51052
49593
51996
50229
50141
48036
46639
46383
47686
47161
45591
41259
47396
47203
49386
51106
66812
58351
61737
58527
61054
85191
89181
112547
115560
154884
175190
180862
199433
0
['s', 'w', 25, 263, 21, 259, 29, 267, 17, 255, 'd', 'd', 'd', 'd', 65, 235, 129, 163, 's', 'w', 61, 231, 57, 227, 53, 223, 179, 'w', 's', 'd', 'd', 115, 82, 150, 80, 116, 114, 82, 112, 80, 110, 78, 144, 76, 178, 74, 212, 72, 210, 70, 208, 68, 206, 34, 204, 36, 238, 38, 240, 40, 242, 42, 244, 44, 246, 46, 248, 48, 250, 50, 252, 16]
