Game 1
38158
52624
52640
61072
54018
53125
52957
49972
51796
49989
55814
59628
56550
55877
59132
56297
55319
60127
60430
64649
71983
69131
38250
77401
83192
107655
100308
1
['s', 'w', 23, 159, 27, 163, 53, 57, 31, 43, 17, 153, 'a', 'a', 'a', 257, 'a', 261, 225, 'a', 207, 221, 177, 201, 219, 197, 229, 244, 34, 246, 68, 248, 102, 250, 136, 216, 138, 214, 140, 212, 142, 178, 144, 180, 146, 182, 148, 184, 150, 116.0, 184, 114.0, 182, 112.0, 180, 110.0, 178, 76.0, 212, 74.0, 214, 72.0, 216, 70.0, 250, 68.0, 284]
Game 2
37795
53023
55381
65133
54673
49688
53542
56334
50684
55486
49499
50804
54096
53616
51454
63210
64236
77537
54614
87408
54107
121053
58453
100754
76476
117889
92969
135322
163973
164457
1
['s', 'w', 25, 161, 21, 157, 29, 165, 51, 187, 's', 'w', 's', 'w', 's', 'd', 99, 'a', 3, 111, 117, 105, 175, 123, 7, 1, 207, 211, 'w', 259, 76, 176, 74, 210, 72, 244, 70, 242, 104, 208, 138, 174, 172, 170.0, 174, 136.0, 208, 102.0, 242, 68.0, 244, 70.0, 210, 72.0, 176, 74.0, 178, 76.0, 212, 42.0, 246, 44.0, 280]
