Game 1
38734
51414
56968
64096
57893
50843
53793
53929
49732
50848
54524
61914
26786
61707
29850
70893
48010
43113
49788
83120
94625
104044
125142
367427
0
['s', 'w', 25, 161, 21, 157, 29, 165, 17, 221, 133, 'w', 115, 225, 49, 229, 171, 233, 253, 59, 'a', 55, 11, 119, 38, 178, 36, 176, 70, 174, 104, 172, 106, 138, 140, 142.0, 138, 108.0, 172, 74.0, 206, 76.0, 208, 78.0, 210, 80.0, 212, 82.0, 214, 116.0, 216, 118.0, 218, 84.0, 220, 50.0, 254, 16.0]
Game 2
38140
51862
52294
61707
55136
54761
54319
55144
55941
50935
52343
59688
31846
65602
36739
65656
51183
75888
69954
90948
102272
102060
1
['s', 'w', 23, 159, 27, 163, 19, 155, 31, 167, 85, 187, 89, 57, 75, 195, 1, 45, 249, 199, 259, 207, 44, 212, 78, 210, 112, 176, 146, 174, 144, 172, 142, 170, 140, 136, 138, 140.0, 136, 142.0, 170, 144.0, 172, 110.0, 174, 76.0, 208, 78.0, 242, 44.0, 244, 42.0, 246, 40.0, 280]
