Game 1
38405
52090
58090
53296
51833
53023
51010
50607
48515
47282
45990
47568
48826
44729
43010
48169
46833
50681
55111
51238
58203
56113
64156
69929
44272
70171
92039
95611
1
['s', 'w', 25, 263, 21, 259, 29, 267, 17, 255, 'd', 'd', 'd', 'd', 's', 'w', 65, 201, 61, 197, 57, 193, 53, 189, 153, 141, 71, 77, 114, 214, 148, 212, 146, 210, 144, 208, 110, 206, 108, 204, 106, 170, 140, 172, 174, 140, 172, 138, 170, 104, 204, 70, 238, 68, 240, 34, 242, 36, 244, 38, 246, 40, 248, 42, 250, 44, 252, 46, 254, 48, 288]
Game 2
38222
51869
56548
64086
58594
49239
42432
53085
55101
72691
67695
53444
79141
52212
93379
47792
108384
86058
120118
77237
107364
63604
129032
129283
132951
138392
148402
143600
145655
0
['s', 'w', 23, 159, 61, 57, 19, 39, 1, 47, 'd', 167, 'd', 29, 155, 187, 179, 163, 85, 49, 75, 133, 'a', 'w', 'w', 'w', 177, 's', 71, 246, 12, 244, 14, 210, 16, 176, 50, 174, 84, 172, 118, 170, 116, 136, 114, 138, 148, 140, 146, 106, 144, 72, 142, 38, 140, 36, 138, 70, 136, 68, 170, 34, 172, 0]
