Game 1
39442
52779
54561
62013
59988
50370
43017
51186
57620
56298
71210
27566
81659
33979
100080
54968
101662
71368
77908
42870
84634
107939
88108
125539
157353
157745
167334
167722
1
['s', 'w', 23, 159, 61, 57, 19, 39, 'd', 11, 163, 153, 177, 167, 191, 221, 209, 241, 261, 'a', 213, 'd', 13, 109, 'w', 'w', 'a', 181, 6, 178, 4, 180, 2, 214, 0, 248, 34, 282, 68, 280, 102, 278, 136, 276, 138, 242, 140, 208, 174, 206, 172, 174, 206, 140, 208, 106, 242, 72, 276]
Game 2
38022
52698
53159
62325
55927
50836
43259
62273
51651
57232
58717
54306
58610
72738
46190
54138
56251
54369
54565
63948
68217
69019
73952
79511
134835
77833
142518
154962
127900
81728
99906
88242
103589
112636
214497
212905
362137
376279
398409
409742
426107
504730
0
['s', 'w', 23, 159, 95, 57, 19, 'w', 179, 'a', 175, 's', 243, 'd', 'd', 'd', 's', 'w', 'a', 'w', 's', 197, 129, 109, 99, 'w', 43, 269, 73, 257, 'w', 221, 'a', 'a', 'd', 155, 'a', 147, 'd', 'w', 'a', 137, 76, 74, 110, 108, 112, 142, 114, 140, 116, 106, 150, 72, 184, 38, 218, 36, 252, 34, 250, 0]
