Game 1
39568
51077
52168
65316
54150
54426
52574
57733
53567
51015
51437
60505
32704
61299
27821
57301
40428
60188
49819
64042
86067
88268
1
['s', 'w', 23, 159, 27, 163, 19, 155, 31, 167, 85, 255, 89, 259, 75, 263, 5, 267, 245, 217, 229, 175, 76, 248, 110, 250, 144, 216, 142, 214, 140, 212, 138, 210, 136, 244, 170, 242, 204, 208, 238, 174, 240, 172, 242, 170, 244, 136, 210, 138, 176, 140, 178, 142, 180, 144, 182, 110, 184, 76, 218, 42, 252, 40, 254, 74, 288]
Game 2
38284
50939
55446
53574
49267
52591
51464
50311
48100
47257
46005
47060
48758
44841
42535
46754
46324
51240
56018
52135
44481
42338
52511
50989
52778
95872
111882
144965
0
['s', 'w', 25, 263, 21, 259, 29, 267, 17, 255, 'd', 'd', 'd', 'd', 's', 'w', 65, 235, 61, 231, 57, 227, 53, 223, 71, 129, 81, 153, 114, 182, 112, 148, 110, 146, 144, 142.0, 178, 140.0, 212, 138.0, 210, 104.0, 208, 70.0, 206, 68.0, 204, 34.0, 238, 36.0, 240, 38.0, 242, 40.0, 244, 42.0, 246, 44.0, 248, 46.0, 250, 48.0, 252, 50.0, 254, 16.0]
