Game 1
39076
50274
54494
61155
55243
57407
53109
57213
55966
57172
48165
62804
50274
54908
38479
74157
43131
78975
60636
86372
105851
103062
1
['s', 'w', 23, 159, 27, 163, 19, 155, 65, 269, 119, 187, 13, 167, 123, 57, 73, 191, 213, 113, 35, 261, 44, 212, 78, 178, 112, 176, 146, 174, 144, 172, 142, 170, 140, 136, 138, 140.0, 136, 142.0, 170, 144.0, 172, 110.0, 174, 76.0, 176, 78.0, 178, 44.0, 180, 42.0, 214, 40.0, 248, 38.0, 282]
Game 2
39507
52573
54882
59169
60064
49937
41349
50631
56152
57894
69527
28453
73692
32698
75657
27381
81774
32730
57093
53566
55421
52564
81461
82699
56000
59060
60579
61802
62701
66900
68253
90503
93075
111037
125044
117803
152597
162329
169669
170592
173936
1
['s', 'w', 23, 159, 61, 57, 19, 39, 'd', 11, 'w', 'a', 'a', 119, 191, 265, 65, 187, 211, 209, 'a', 155, 163, 269, 'a', 's', 'a', 'd', 'a', 'w', 's', 'd', 'd', 'd', 'd', 'a', 71, 'd', 35, 'd', 115, 218, 72, 184, 106, 150, 140, 116, 138, 82, 136, 80, 170, 114, 172, 112, 174, 110, 176, 108, 178, 106, 212, 72, 246, 38, 280]
