Game 1
11297
13881
13894
14278
14567
11966
11795
13382
13631
13459
12504
12731
10132
10414
9087
6190
8897
9152
8970
8612
8326
7851
7547
11245
18171
21208
22879
24783
25706
0
['s', 211, 's', 'w', 229, 91, 247, 's', 'd', 95, 87, 99, 51, 39, 'a', 221, 'w', 23, 265, 1, 183, 147, 219, 151, 157, 'a', 161, 'w', 153, 210, 44, 176, 10, 178, 8, 212, 6, 214, 4, 216, 38, 182, 72, 148, 70, 114, 68, 112, 102, 110, 104, 108, 106, 104.0, 108, 102.0, 110, 68.0, 112, 70.0, 114, 72.0, 148, 38.0, 182, 4.0]
Game 2
11231
13810
14342
14433
15104
15232
15666
16553
18161
18008
16894
17553
16490
15533
13482
7836
12053
10863
10666
10159
9781
9386
8969
8431
8481
14369
15031
15927
17847
19114
21102
1
['s', 223, 's', 'w', 's', 'w', 's', 'w', 's', 227, 'd', 231, 59, 235, 159, 175, 129, 197, 125, 1, 51, 165, 133, 217, 121, 255, 55, 'd', 137, 'w', 63, 144, 212, 142, 178, 140, 180, 174, 146, 208, 144, 206, 142, 204, 140, 170, 174, 136, 208, 102, 206, 68, 204, 70, 238, 72, 240, 74, 242, 76, 276]
Game 3
10487
13784
13096
12946
12199
13994
13465
14281
15299
11648
12132
11700
10561
12607
11371
10423
9711
9840
9383
8871
8503
8263
7982
7865
15791
10635
21667
36816
37107
1
['s', 159, 's', 'w', 's', 'w', 'd', 'd', 197, 163, 63, 201, 213, 111, 231, 245, 'w', 43, 41, 205, 175, 25, 3, 29, 15, 97, 177, 'd', 35, 218, 112, 252, 146, 286, 148, 284, 150, 282, 184, 280, 182, 246, 180, 212, 178, 180, 212, 182, 246, 184, 280]
Game 4
10656
13580
14063
14517
15059
15278
16154
16072
19055
18038
16822
15510
15938
15489
14474
14201
12701
13689
12968
17438
12600
12674
12598
12729
11224
30123
11088
10545
9615
14549
30829
21352
19277
14312
14970
22888
30049
29385
30195
1
['s', 117, 's', 'w', 's', 'w', 's', 'w', 's', 261, 17, 'w', 59, 213, 23, 211, 'w', 231, 'a', 257, 'a', 'w', 'a', 187, 'd', 207, 55, 141, 63, 221, 49, 's', 185, 'd', 51, 'd', 165, 'a', 161, 144, 208, 142, 210, 176, 142.0, 178, 176.0, 180, 178.0, 214, 180.0, 216, 214.0, 218, 216.0, 252, 218.0, 254, 252.0, 220, 286.0]
Game 5
10863
13535
14130
14536
14977
15058
15761
14916
17252
18182
16746
16136
15644
14534
14044
14229
12922
12148
12962
12164
14536
10288
9544
10955
9014
17578
8161
12188
26401
37791
38016
0
['s', 187, 's', 'w', 's', 'w', 's', 'w', 's', 261, 11, 213, 161, 257, 55, 265, 29, 'a', 59, 209, 51, 195, 5, 177, 's', 207, 1, 23, 115, 'w', 47, 144, 244, 146, 210, 148, 176, 182, 142, 184, 144, 150, 146, 116, 148, 82, 182, 48, 216, 50, 250, 16]
Game 6
11114
13742
13751
14374
14907
15288
16107
17131
19761
18136
16650
15972
14924
20464
12026
13497
12359
11243
10383
10428
10215
10399
10139
15666
8812
13065
19777
13969
15593
15357
10949
24126
24774
29821
30770
1
['s', 43, 's', 'w', 's', 'w', 's', 'w', 's', 227, 25, 213, 57, 175, 159, 195, 29, 147, 'a', 11, 'w', 131, 127, 107, 17, 243, 'd', 'a', 21, 'd', 3, 'a', 93, 'd', 53, 146, 144, 142.0, 108, 74.0, 72, 108.0, 106, 110.0, 140, 112.0, 174, 114.0, 208, 80.0, 242, 46.0, 276]
Game 7
10493
8458
7244
7069
8810
8975
9653
8668
9543
9833
11152
9944
10246
9891
8475
8308
7926
7602
7089
6977
10087
16737
15989
15988
15413
16263
0
[125, 163, 145, 189, 53, 'd', 167, 259, 's', 'w', 213, 255, 265, 193, 17, 39, 79, 25, 3, 97, 63, 41, 'd', 'd', 'a', 93, 44, 252, 46, 286, 12, 284, 10, 282, 8, 280, 6, 246, 40, 212, 74, 210, 108, 208, 106, 206, 140, 204, 174, 170, 172, 136, 170, 102, 204, 104, 238, 106, 240, 108, 242, 74, 244, 40, 246, 6]
Game 8
11077
13642
12426
9884
10106
11800
11862
12573
12336
13526
8862
11169
10993
10874
9531
7631
10246
9914
9451
8817
8462
8192
7805
11797
21670
23301
23311
25627
26585
0
['s', 159, 27, 163, 's', 'w', 's', 'a', 'a', 107, 53, 91, 23, 167, 'd', 39, 15, 173, 17, 127, 41, 261, 43, 171, 45, 'd', 47, 'w', 69, 178, 112, 176, 114, 174, 116, 140, 82, 138, 48, 136, 14, 102, 12, 68, 10, 34, 8, 36, 6, 38, 4, 4]
Game 9
10904
13250
9214
8926
7765
9688
7516
7758
7622
9610
10922
10684
9066
9194
8135
7941
6654
6544
6151
5982
11445
13731
1
['s', 'w', 25, 161, 21, 157, 63, 165, 17, 153, 99, 59, 81, 201, 73, 197, 193, 37, 91, 85, 205, 109, 40, 212, 74, 210, 76, 208, 78, 174, 112, 176, 146, 178, 148, 180, 150, 182, 152, 184, 186, 152, 184, 150, 182, 148, 180, 114, 178, 80, 176, 78, 174, 76, 208, 74, 242, 40, 276]
Game 10
11525
13528
12195
13222
12246
13262
14772
14788
14646
12100
12138
10279
10322
12082
11432
13521
9194
9646
9241
8797
8536
7470
8835
8826
8580
8417
7941
13253
12985
19344
19689
18923
20314
17333
17909
20552
21907
23763
23651
0
['s', 159, 's', 'w', 'd', 'w', 's', 'w', 93, 163, 53, 'd', 181, 167, 179, 111, 'd', 41, 'w', 21, 'a', 1, 'w', 103, 'w', 9, 's', 129, 187, 's', 11, 's', 13, 'w', 15, 's', 63, 'w', 79, 248, 78, 246, 76, 212, 42, 178, 8, 176, 6, 174, 4, 140, 2, 106, 36, 72, 38, 70, 40, 68, 74, 34, 108, 0]
