Game 1
11168
13254
11509
9764
11082
10470
9900
10176
9554
10726
9756
10298
9086
8247
7912
7777
7237
8042
7089
10037
8979
9271
9373
9437
9262
9919
10130
12093
11921
13245
13979
15100
16285
24817
25641
1
['s', 159, 25, 263, 'd', 61, 245, 201, 267, 43, 'd', 47, 65, 223, 111, 227, 121, 255, 'w', 241, 'a', 'd', 'a', 'd', 'a', 'd', 's', 'd', 21, 'w', 51, 'a', 39, 'a', 231, 252, 74, 218, 108, 216, 142, 182, 140, 180, 174, 178, 208, 176, 210, 174, 212, 140, 214, 142, 216, 108, 218, 106, 252, 72, 254, 38, 288]
Game 2
10977
13839
11788
12432
13700
13521
14137
14090
15856
16080
10248
13556
13585
13523
12879
13522
11101
12159
9302
8400
7856
8429
6775
8486
6740
6605
6660
6497
6778
10205
9688
9858
9494
11312
13403
14369
15745
16684
16864
17892
18068
19549
19741
21118
21478
22834
23240
24642
25082
27520
28067
30662
31385
34505
35158
1
['s', 161, 'a', 'w', 's', 'a', 's', 'w', 's', 261, 191, 'a', 119, 'a', 139, 143, 211, 75, 257, 89, 205, 37, 'a', 19, 'w', 267, 'a', 151, 'a', 207, 'w', 'w', 165, 'a', 65, 's', 61, 's', 'w', 's', 'w', 'd', 'd', 'd', 'd', 'd', 'd', 'd', 'd', 'd', 's', 'd', 's', 'd', 253, 284, 110, 282, 112, 248, 114, 214, 116, 216, 118, 218, 152, 220, 186, 152.0, 220, 118.0, 254, 84.0, 288]
Game 3
11527
13616
8972
8927
8300
7444
8454
10420
10273
10005
10066
10147
8803
7433
8399
8264
7844
7716
6908
6372
6044
5779
14197
14720
0
['s', 'w', 23, 159, 95, 111, 53, 57, 'd', 'd', 65, 61, 17, 85, 123, 43, 155, 27, 213, 221, 165, 181, 175, 83, 46, 282, 48, 280, 14, 246, 12, 244, 10, 242, 8, 208, 6, 174, 4, 172, 38, 170, 36, 136, 34, 102, 68, 104, 70, 106, 72, 70, 106, 68, 104, 34, 138, 36, 136, 38, 170, 4]
Game 4
11075
12724
9590
8901
9378
9011
9741
9922
9595
9772
9064
9801
10025
10091
10746
10480
10837
11347
11706
11565
11848
11585
12566
12244
7567
7311
6307
6284
5870
6579
8943
11252
13307
13534
14413
14563
15735
15831
1
['s', 'w', 25, 263, 21, 259, 29, 267, 17, 255, 'd', 'w', 'd', 'w', 's', 'w', 's', 'd', 's', 'd', 133, 113, 149, 163, 47, 219, 181, 's', 121, 143, 229, 41, 'w', 's', 'w', 's', 'a', 225, 112, 250, 146, 248, 144, 246, 178, 244, 212, 242, 210, 240, 208, 206, 204.0, 172, 238.0, 138, 240.0, 140, 242.0, 142, 244.0, 108, 246.0, 110, 248.0, 76, 250.0, 78, 216.0, 80, 218.0, 114, 184.0, 116, 186.0, 82, 220.0, 48, 254.0, 50, 288.0]
Game 5
11562
13344
13263
14472
14696
15041
15798
16160
18006
17960
16458
16000
15025
14906
13874
15025
10982
10982
10679
10390
10468
9244
8742
8342
8077
12039
20771
20659
20671
21524
22960
23692
25729
1
['s', 63, 's', 'w', 's', 'w', 's', 'w', 's', 227, 7, 231, 59, 177, 55, 235, 'w', 109, 'w', 93, 31, 111, 81, 269, 149, 5, 73, 'd', 141, 'w', 133, 'd', 19, 114, 144, 80, 178, 78, 180, 76, 146, 74, 112, 108, 114, 142, 80, 176, 78, 210, 76, 208, 74, 174, 108, 140, 142, 106, 176, 72, 210, 70, 208, 36, 242, 34, 276]
Game 6
10987
13565
11784
14230
13824
14570
15974
15904
17987
17987
16441
15718
15084
14473
13383
14815
11366
11579
10904
9236
8819
8478
8136
7979
7600
10754
31474
38728
38730
1
['s', 123, 's', 'w', 's', 'w', 's', 'w', 's', 227, 161, 39, 13, 179, 77, 175, 143, 189, 119, 1, 251, 3, 261, 7, 205, 9, 265, 'sa', 183, 176, 210, 142, 176, 140, 142, 174, 140, 172, 174, 170, 172, 204, 170, 238, 204, 272, 238, 274, 272]
Game 7
11170
13097
9525
9094
7663
8990
7815
8544
7762
9903
11264
10300
9902
9154
8166
7818
7626
7515
6754
7031
13748
16715
18165
18305
1
['s', 'w', 25, 161, 21, 157, 29, 165, 17, 187, 99, 111, 95, 191, 71, 'w', 61, 263, 245, 57, 81, 89, 'a', 227, 38, 178, 36, 176, 70, 174, 104, 172, 138, 104.0, 172, 70.0, 174, 36.0, 176, 38.0, 178, 40.0, 212, 42.0, 210, 44.0, 208, 46.0, 242, 48.0, 276]
Game 8
11598
13646
13906
12071
11819
12290
12085
12833
12942
13477
14160
14294
14873
16085
14980
14756
13660
13206
12921
13857
12411
10876
10350
9799
9223
7482
7547
8484
9388
10297
13336
9615
15130
11386
16406
16477
15434
0
['s', 81, 23, 159, 's', 'w', 's', 'w', 'd', 'w', 's', 'd', 's', 265, 19, 261, 61, 269, 'a', 209, 'w', 141, 27, 163, 31, 73, 37, 121, 35, 'd', 93, 'd', 's', 'w', 9, 'w', 131, 118, 178, 152, 180, 150, 182, 148, 184, 146, 150, 112, 148, 110, 146, 108, 112, 74, 110, 40, 108, 38, 74, 72, 40, 106, 38, 104, 72, 102, 106, 68, 104, 34, 102, 0]
Game 9
10988
13611
11409
9994
10415
11992
9980
11165
11986
11134
11865
10956
11181
10901
9864
9683
8779
8725
7607
7283
7159
7117
10300
15291
16526
16483
1
['s', 159, 61, 93, 's', 'a', 155, 163, 51, 'w', 65, 79, 55, 187, 137, 201, 7, 197, 25, 'w', 235, 249, 3, 227, 'a', 263, 108, 176, 142, 178, 144, 180, 146, 182, 148, 184, 150, 116.0, 184, 150.0, 182, 148.0, 180, 146.0, 178, 112.0, 212, 110.0, 210, 108.0, 208, 74.0, 242, 76.0, 276]
Game 10
11583
13654
13558
14518
14484
15283
16341
16589
19204
18097
17811
25336
14898
14959
13631
13988
12793
12346
11684
11990
12505
12179
12390
11515
10800
12141
10540
19886
9937
10008
9547
13746
30019
32282
33298
41335
43895
0
['s', 207, 's', 'w', 's', 'w', 's', 'w', 's', 'w', 213, 227, 91, 259, 59, 265, 'a', 175, 'w', 'd', 63, 'w', 95, 117, 'w', 187, 'a', 245, 49, 143, 119, 205, 111, 's', 161, 'd', 115, 182, 142, 184, 176, 186, 210, 152, 212, 118, 178, 84, 180, 50, 214, 16]
