Game 1
10258
8153
7096
9264
11395
9399
11358
9800
11927
10444
12378
11107
12916
12908
12798
12324
17881
9446
10040
9813
10533
10753
11639
10384
11494
8674
8800
8352
8650
10081
9106
12039
10813
25538
28269
0
[125, 163, 61, 'w', 's', 'w', 's', 'w', 's', 'w', 'a', 73, 'd', 77, 145, 27, 143, 's', 'w', 's', 'w', 7, 211, 267, 213, 105, 19, 's', 5, 47, 'w', 133, 51, 201, 55, 280, 10, 282, 12, 248, 14, 214, 48, 180, 82, 182, 116, 184, 114, 150, 148, 146.0, 150, 112.0, 184, 114.0, 182, 116.0, 216, 82.0, 250, 48.0, 248, 14.0]
Game 2
10679
13495
13447
14385
14727
14790
16467
13286
13182
13810
10960
13207
12284
11715
10150
10724
10853
10152
9801
9450
9043
8984
8726
8365
8321
8578
28143
36809
1
['s', 177, 's', 'w', 's', 'w', 195, 109, 215, 199, 245, 91, 59, 269, 'd', 's', 133, 87, 55, 123, 9, 141, 19, 'd', 99, 45, 187, 185, 146, 282, 148, 284, 150, 250, 152, 252, 186, 254, 220, 186.0, 254, 152.0, 252, 150.0, 250, 148.0, 284]
Game 3
10776
13263
14002
14399
15367
15321
16047
14854
9658
12478
15523
15888
14834
16531
11662
10857
12196
10003
10253
8158
8636
8392
8259
9666
12546
14629
15261
15719
16794
1
['s', 187, 's', 'w', 's', 'w', 's', 227, 93, 'w', 's', 179, 159, 209, 89, 191, 85, 163, 97, 149, 117, 199, 65, 269, 61, 265, 57, 'a', 53, 174, 178, 140, 176, 106, 174, 108, 140, 110, 106, 112, 108, 114, 110, 116, 112, 150, 114, 184, 116, 186, 150, 152, 184, 118, 186, 84, 220, 82, 254, 80, 252, 78, 250, 76, 248, 74, 246, 72, 280]
Game 4
11016
13677
12998
10969
12181
12925
12480
13303
13474
14450
14778
16837
9173
12256
14893
12145
12129
11635
11969
11661
11221
10808
10225
9791
9472
9298
21311
14863
60260
113473
1
['s', 247, 261, 265, 's', 'a', 's', 'a', 's', 'w', 'a', 257, 189, 'd', 227, 177, 223, 'a', 17, 15, 5, 71, 75, 139, 183, 209, 55, 115, 201, 161, 144, 240, 146, 238, 148, 204, 182, 170, 216, 136, 250, 102, 252, 68, 286]
Game 5
10622
13797
14364
14553
15035
15441
16295
16825
18551
18266
16649
16065
14792
14324
13148
14236
13997
11607
11399
11681
11194
10653
10045
10111
9832
15688
32360
34180
25620
31037
30344
39444
29809
46102
45973
49634
53889
101508
107904
0
['s', 1, 's', 'w', 's', 'w', 's', 'w', 's', 229, 25, 211, 159, 181, 'wa', 225, 'a', 221, 'd', 113, 39, 91, 'd', 7, 37, 57, 19, 'ds', 141, 'w', 51, 'w', 'w', 'w', 29, 'd', 47, 's', 115, 148, 112, 182, 78, 184, 80, 150, 114, 116, 148, 82, 182, 48, 216, 50, 250, 16]
Game 6
10248
13865
13834
14495
15726
15267
15778
16068
17918
18227
17064
15868
15178
14565
13406
10981
10646
9537
9163
8063
7968
6877
7158
6353
7570
11476
14923
15428
15406
1
['s', 179, 's', 'w', 's', 'w', 's', 'w', 's', 227, 159, 223, 155, 255, 137, 241, 85, 163, 89, 45, 93, 199, 63, 27, 71, 269, 83, 'sa', 151, 208, 210, 206, 208, 204, 206, 170, 204, 136, 170, 102, 136, 104, 102, 138, 104, 140, 138, 142, 140, 144, 142, 146, 144, 148, 146, 150, 148, 184, 150, 182, 184, 180, 182, 214, 180, 216, 214, 218, 248, 220, 282]
Game 7
10741
7715
7567
9440
10893
9584
11393
10082
9602
8991
9088
8023
10070
8828
9837
9317
9471
8471
8358
7922
8042
7242
9653
9950
12640
15801
0
[125, 231, 61, 'w', 's', 'w', 's', 'd', 'd', 227, 57, 235, 65, 223, 53, 255, 17, 259, 21, 263, 25, 267, 29, 129, 171, 73, 112, 180, 114, 146, 116, 144, 150, 142, 148, 140, 146, 106, 144, 72, 142, 70, 140, 68, 138, 34, 136, 36, 170, 38, 204, 40, 238, 42, 240, 44, 242, 46, 244, 48, 246, 50, 248, 16]
Game 8
11258
13923
14196
14789
14946
14730
16408
16578
18468
18334
16670
16074
19156
14878
15841
13776
13406
12531
9847
8434
8802
8112
7723
7328
7205
9064
16025
18127
18330
0
['s', 11, 's', 'w', 's', 'w', 's', 'w', 's', 227, 1, 179, 159, 223, 155, 255, 51, 205, 55, 111, 59, 95, 49, 13, 63, 133, 187, 'a', 141, 210, 208.0, 206.0, 174.0, 208.0, 172.0, 174.0, 170.0, 172.0, 136.0, 170.0, 102.0, 136.0, 68.0, 102.0, 70.0, 68.0, 72.0, 70.0, 74.0, 72.0, 76.0, 74.0, 78.0, 76.0, 80.0, 78.0, 82.0, 80.0, 116.0, 82.0, 114.0, 116.0, 148.0, 118.0, 182.0, 84.0, 216.0, 50.0, 250.0, 16.0]
Game 9
11038
12960
11546
8918
10933
9086
10640
11265
11024
11767
12190
12658
12661
11849
10538
11224
10832
11763
13505
12045
13012
10817
10099
14439
9676
11332
10193
12958
11490
11088
13318
23401
28771
29142
29504
37113
38701
0
['s', 157, 229, 93, 247, 199, 'a', 'a', 's', 'w', 's', 'w', 'd', 127, 'a', 'w', 's', 'a', 173, 'd', 177, 107, 1, 109, 119, 39, 223, 45, 205, 69, 'w', 175, 'w', 's', 89, 's', 51, 278, 40, 276, 6, 274, 4, 272, 38, 238, 72, 204, 70, 170, 104, 136, 106, 138, 140, 106, 138, 104, 172, 70, 170, 72, 204, 38, 238, 4]
Game 10
11077
13589
12719
13853
14690
14656
15785
11797
5895
12338
6898
11090
7654
13586
11075
13032
10592
10696
10104
9446
9125
8089
7758
10914
16955
20554
23801
24985
28141
29674
30259
1
['s', 225, 's', 'w', 's', 'w', 's', 229, 125, 233, 129, 221, 'd', 269, 121, 265, 's', 183, 133, 261, 85, 147, 177, 97, 139, 'w', 159, 'ds', 89, 'w', 93, 144, 214, 142, 216, 140, 182, 174, 148, 208, 150, 206, 184, 172, 218, 138, 220, 136, 254, 102, 252, 104, 250, 106, 248, 108, 246, 110, 244, 112, 242, 114, 276]
