Game 1
11311
13483
9973
8462
7198
7404
7472
10175
8143
9864
9320
9134
8819
10235
9657
9492
9048
8882
8298
7848
12874
15962
17107
19013
23092
0
['s', 'w', 23, 159, 27, 163, 19, 155, 133, 269, 85, 'd', 31, 109, 45, 5, 91, 255, 95, 259, 's', 263, 'a', 215, 211, 214, 72, 180, 106, 178, 140, 176, 138, 174, 136, 172, 170, 136, 172, 102, 174, 104, 176, 106, 178, 72, 180, 38, 182, 36, 216, 34, 250, 0]
Game 2
11538
13779
12371
13548
13811
13890
14462
10197
9902
11141
11902
11507
12909
13449
12718
12201
11783
11423
10926
10658
10183
9926
9370
8947
8292
21225
32738
35004
38242
45341
46679
1
['s', 161, 's', 'w', 'a', 'w', 177, 123, 179, 119, 'd', 's', 's', 157, 247, 167, 1, 19, 5, 31, 's', 47, 265, 187, 11, 251, 43, 'a', 239, 'w', 127, 176, 146, 174, 148, 172, 182, 138, 216, 140, 218, 142, 252, 144, 286]
Game 3
11363
13617
11660
13675
13291
14144
14419
15020
15669
15037
14461
18472
11130
12076
11866
11714
10399
10028
11369
9200
12062
9092
13250
8510
8320
7366
10113
21735
26063
26094
1
['s', 161, 's', 'w', 's', 'w', 's', 'w', 177, 109, 181, 111, 245, 41, 97, 43, 199, 55, 133, 'd', 219, 's', 231, 113, 31, 139, 1, 3, 'w', 11, 76, 212, 42, 246, 8, 280, 10, 282, 44, 284, 78, 286, 80, 288, 82, 254, 84, 220, 118, 186, 116, 152, 114, 150, 148, 114, 182, 116, 184, 118, 186, 84, 220, 50, 254, 48, 288]
Game 4
10965
13917
11913
12262
13524
8100
10665
10642
11006
9472
10271
10594
9500
6919
9526
9363
9478
7971
8147
8065
7999
7447
7856
8966
10572
11005
11405
10893
11209
1
['s', 159, 'd', 'w', 25, 61, 19, 'd', 'a', 57, 65, 39, 'a', 119, 85, 123, 163, 141, 'w', 235, 229, 133, 249, 199, 225, 'a', 173, 'a', 263, 242, 4, 240, 2, 206, 0, 172, 34, 138, 68, 140, 70, 174, 72, 208, 106, 210, 108, 176, 110, 178, 144, 180, 146, 182, 148, 184, 150, 148, 184, 114, 182, 112, 180, 110, 214, 108, 216, 106, 250, 72, 284]
Game 5
10752
13687
12179
9319
10307
7810
9511
10934
9329
10478
10282
9713
8658
9751
7703
10119
9629
9780
9534
9302
8367
8150
7920
8295
19610
25528
29303
29291
31390
31621
1
['s', 159, 61, 127, 155, 165, 's', 'd', 229, 'd', 31, 'w', 233, 'd', 253, 57, 'a', 145, 239, 221, 99, 79, 7, 103, 51, 73, 's', 'a', 's', 263, 140, 248, 106, 246, 72, 244, 70, 210, 68, 176, 102, 174, 136, 172, 170, 136, 204, 102, 206, 68, 208, 70, 242, 72, 276]
Game 6
10983
13991
12430
10741
10256
10295
11833
10325
12847
8984
10316
10599
10699
11105
10627
11978
12135
11735
10835
16798
11151
11681
12310
10786
11308
9590
20848
9670
9520
9465
10705
8807
10704
29069
31433
19358
0
['s', 123, 263, 93, 249, 'a', 's', 'w', 157, 233, 'a', 'w', 's', 'w', 'd', 259, 's', 255, 'd', 269, 'd', 'd', 161, 69, 147, 'a', 175, 's', 83, 'd', 179, 165, 131, 201, 119, 197, 150, 246, 152, 244, 118, 242, 84, 208, 50, 174, 48, 172, 82, 138, 116, 140, 114, 142, 112, 144, 146, 110, 144, 108, 142, 74, 140, 40, 138, 6]
Game 7
11092
13654
12517
9997
10311
12015
11069
9805
10901
9632
10443
11427
13017
9820
8462
8339
7271
7017
6429
6180
5986
14811
16328
1
['s', 89, 229, 93, 's', 'w', 61, 233, 211, 75, 253, 43, 263, 7, 85, 167, 259, 97, 15, 145, 55, 1, 131, 248, 42, 250, 8, 284, 10, 282, 44, 280, 46, 278, 48, 276, 82, 274, 84, 240, 118, 206, 152, 172, 150, 138, 148, 140, 182, 142, 216, 144, 218, 110, 220, 112, 254, 114, 288]
Game 8
10946
8426
7136
9420
10807
9709
11205
9634
9917
11808
7852
11416
11828
12097
12891
13163
10347
11122
11088
11213
11250
13938
9987
15038
9802
10223
10657
11795
7755
7622
20777
27003
29877
30299
33665
34142
37515
38636
43027
44564
50374
52007
55554
60480
0
[125, 231, 27, 'w', 's', 'w', 's', 'd', 197, 'd', 183, 'a', 's', 'a', 'd', 161, 87, 201, 's', 143, 131, 113, 'w', 75, 211, 7, 31, 95, 17, 21, 35, 'w', 'a', 'd', 'w', 'd', 'd', 'w', 'd', 'd', 'd', 's', 'd', 263, 118, 150, 152, 118, 150, 84, 148, 50, 182, 48, 180, 46, 178, 44, 212, 42, 246, 8]
Game 9
10951
13842
10745
8152
7545
8953
10572
8205
10372
13103
11650
10783
11291
11181
10433
9221
8920
8956
8735
8065
8194
7687
7224
10074
20428
18919
24195
21523
26475
26567
27148
28438
29524
0
['s', 'w', 25, 161, 55, 59, 29, 45, 'a', 5, 17, 'd', 'w', 99, 197, 155, 'd', 235, 109, 179, 165, 115, 73, 189, 'd', 'a', 'd', 'w', 'd', 'w', 177, 's', 3, 246, 16, 244, 50, 210, 84, 176, 82, 142, 80, 108, 114, 74, 112, 76, 78, 110, 76, 112, 74, 114, 108, 80, 142, 46, 176, 48, 210, 50, 244, 16]
Game 10
11498
13502
14474
11952
11698
11889
13104
12914
13370
13761
14320
14326
15498
16160
14877
14765
13672
13418
20282
12537
17945
10247
10152
10316
16114
9254
13989
7864
7214
34928
39752
1
['s', 137, 23, 159, 'd', 'w', 's', 'w', 's', 'w', 's', 'd', 's', 231, 5, 227, 163, 235, 183, 223, 155, 'sa', 13, 213, 209, 195, 85, 255, 1, 59, 89, 210, 216, 176, 182, 174, 180, 208, 178, 206, 176, 204, 174, 170, 208, 136, 206, 102, 204, 104, 238, 106, 240, 108, 242, 110, 276]
