Game 1
4481
12831
5403
12522
5986
12172
5613
11759
4527
10335
4442
8501
4508
9134
1783
11472
8241
10109
6705
10628
5621
9403
6464
8560
5351
7108
5907
15101
2431
15322
6653
17009
1
['s', 161, 's', 'a', 21, 'w', 'a', 89, 25, 'w', 'd', 'w', 85, 109, 181, 's', 11, 'd', 63, 165, 99, 269, 111, 265, 229, 209, 259, 53, 's', 151, 'w', 79, 78, 210, 112, 244, 146, 246, 148, 248, 114, 250, 116, 216, 118, 218, 152, 220, 186, 152.0, 220, 118.0, 254, 116.0, 252, 114.0, 250, 80.0, 248, 82.0, 246, 84.0, 280]
Game 2
4420
12707
6017
12982
7288
12551
5179
9553
4072
9455
3581
10183
6450
9934
6954
9962
6130
8783
4517
10491
3909
7789
2651
6831
2836
5582
4844
13888
1
['s', 123, 's', 'w', 25, 93, 193, 165, 213, 'w', 209, 's', 29, 's', 'd', 79, 265, 187, 'a', 41, 119, 269, 245, 131, 127, 47, 49, 183, 42, 246, 44, 212, 46, 210, 80, 244, 114, 278, 116, 276, 118, 242, 152, 208, 150, 174, 148, 140, 146, 142, 180, 144, 178, 146, 176, 148, 174, 150, 208, 152, 242, 118, 276]
Game 3
4506
12488
6402
13408
7314
11910
5487
11845
6635
12975
7364
11561
5305
8610
2093
9794
5817
12325
5634
9972
5538
8688
6164
7638
5517
6748
5001
9786
7754
21756
8780
0
['s', 69, 's', 'w', 23, 159, 'd', 'w', 's', 'w', 95, 163, 89, 'd', 133, 113, 's', 107, 'a', 125, 177, 37, 181, 99, 155, 105, 29, 243, 1, 's', 5, 248, 146, 246, 112, 244, 110, 210, 76, 176, 74, 174, 72, 172, 38, 170, 4, 136, 2, 102, 36, 68, 70, 34, 104, 0]
Game 4
4171
11909
6130
13374
7745
14196
9515
12899
6443
13130
7637
13711
9537
15885
12656
13613
10040
12380
8305
11042
6424
10230
8283
9997
7492
9159
7128
12842
12212
21864
10802
27596
8369
85896
18777
1
['s', 269, 's', 'w', 's', 'w', 59, 161, 's', 'a', 'a', 'w', 's', 225, 97, 177, 'a', 221, 55, 35, 'w', 109, 37, 5, 63, 19, 77, 87, 153, 'w', 105, 'w', 31, 'w', 27, 76, 140, 110, 106, 144, 108, 146, 74, 112, 76, 78, 110, 80, 144, 82, 146, 84, 148, 50, 182, 48, 216, 46, 250, 44, 284]
Game 5
4167
12536
6217
9264
6874
11514
5143
10777
6065
9728
2894
9359
3199
7171
2789
7377
2945
7172
3297
6825
3278
9131
3713
9518
3803
9905
3946
10465
3975
10668
4066
10734
4441
13498
5668
1
['s', 247, 227, 'a', 223, 231, 51, 235, 37, 255, 55, 59, 29, 45, 'w', 113, 'd', 119, 209, 199, 'd', 'a', 'd', 'w', 'd', 'a', 's', 171, 143, 'a', 's', 'w', 65, 'w', 131, 136, 118, 138, 152, 172, 186, 174, 220, 176, 218, 210, 216, 212, 214, 178, 212, 180, 210, 182, 176, 148, 142, 150, 140, 152, 138, 118, 136, 84, 170, 82, 204, 80, 238, 46, 240, 48, 242, 50, 276]
