Game 1
5254
11644
3760
11789
2606
11721
4980
10250
4424
10576
5110
8889
3009
8821
3267
7408
3558
7198
4155
8871
3570
8802
3907
9209
4156
10186
4395
11477
3920
12738
4493
15616
4538
17152
6166
20743
9608
25157
10511
27662
11608
30123
0
[227, 'd', 265, 'd', 251, 'a', 231, 259, 223, 235, 85, 255, 89, 93, 27, 43, 99, 'a', 15, 'w', 'd', 'a', 'd', 'a', 'd', 'a', 's', 'a', 's', 81, 'w', 105, 'a', 45, 's', 113, 's', 'w', 's', 'd', 's', 171, 180, 172, 178, 174, 176, 178.0, 174, 180.0, 172, 182.0, 138, 148.0, 136, 114.0, 170, 80.0, 204, 46.0, 238, 48.0, 240, 14.0]
Game 2
4855
13382
7531
14607
8328
14781
10164
16376
6923
10176
3195
13179
4258
11417
6877
11234
6674
13266
7590
12059
8666
12154
8505
10103
7987
9142
6207
12081
9264
12461
4288
14479
6257
15715
6776
1
['s', 267, 's', 'w', 's', 'w', 's', 229, 59, 225, 'a', 221, 55, 'w', 29, 263, 'd', 'w', 's', 181, 'w', 111, 93, 233, 109, 113, 11, 123, 51, 's', 115, 'a', 47, 'a', 155, 172, 178, 170, 176, 136, 142, 102, 140, 68, 138, 70, 104, 72, 70, 74, 72, 76, 74, 78, 76, 80, 78, 114, 80, 148, 114, 182, 148, 184, 182, 150, 216, 116, 218, 82, 220, 48, 254, 50, 288]
Game 3
5332
13200
8023
14547
9654
13079
6779
11803
6382
11515
6253
10716
5785
10701
6738
14416
6419
9057
6898
8147
5999
11566
6150
11291
5307
13919
5658
15466
6207
16254
6564
18146
7406
21149
8087
0
['s', 171, 's', 'w', 57, 159, 27, 231, 'd', 129, 89, 201, 's', 77, 'd', 133, 109, 15, 17, 269, 21, 85, 53, 'd', 247, 'd', 'a', 'd', 'w', 'w', 'w', 'a', 197, 'a', 193, 212, 42, 210, 40, 208, 38, 174, 36, 176, 34, 178, 68, 180, 70, 146, 72, 144, 74, 110, 76, 74, 110, 72, 144, 70, 146, 68, 180, 34, 178, 36, 176, 38, 174, 40, 208, 42, 242, 8]
Game 4
5264
13175
4564
9225
3414
9284
3250
8677
3662
9603
2030
10476
5107
9468
4436
8132
4032
7935
2751
11835
4861
14160
6027
0
['s', 'w', 25, 161, 21, 157, 29, 165, 17, 153, 65, 269, 61, 265, 39, 261, 113, 257, 83, 133, 's', 211, 213, 212, 78, 178, 80, 180, 114, 182, 148, 184, 150, 186, 152, 150, 186, 148, 184, 114, 182, 80, 180, 78, 178, 76, 176, 42, 210, 44, 244, 46, 242, 48, 240, 50, 238, 16]
Game 5
5280
13212
7538
14718
8665
14923
10015
16285
12676
18080
14524
15750
11949
14236
8520
12763
8689
16519
7442
10892
6858
11755
7896
13728
5539
19600
7894
9139
6948
13523
15036
28320
12684
34127
14629
44760
17983
0
['s', 97, 's', 'w', 's', 'w', 's', 'w', 's', 227, 23, 179, 159, 209, 121, 223, 'wa', 173, 'a', 'a', 'w', 'a', 'a', 153, 103, 109, 1, 147, 3, 87, 5, 'd', 53, 'a', 43, 'w', 73, 142, 140, 108, 142, 74, 108, 76, 74, 110, 76, 112, 110, 78, 144, 44, 146, 10]
