Game 1
5318
13475
4513
9747
3204
7614
3255
10742
4060
11146
6921
10628
6756
10443
5552
9651
6008
10290
5961
10075
5805
10342
4851
8690
1876
8577
5394
7707
5260
7528
6369
20433
9925
26290
1
['s', 'w', 23, 159, 27, 59, 19, 'd', 31, 'a', 81, 'a', 'd', 45, 'a', 'a', 'a', 55, 'a', 153, 'a', 121, 139, 'w', 191, 231, 129, 109, 65, 'd', 177, 209, 's', 251, 72, 244, 74, 246, 76, 212, 110, 178, 144, 180, 146, 144, 180, 110, 214, 76, 212, 74, 246, 72, 280]
Game 2
5384
8534
5259
12038
5146
12642
5175
13701
5945
13949
4981
10890
3755
10501
6498
11796
6291
10189
6386
10076
5553
9614
4397
9073
3889
9600
6445
16565
5695
16639
6210
17793
11301
32834
13700
37071
0
[127, 'a', 21, 'w', 's', 'w', 's', 'w', 'a', 89, 123, 39, 141, 75, 'w', 199, 143, 231, 209, 's', 211, 's', 51, 's', 97, 'd', 65, 77, 'd', 9, 'w', 155, 'a', 187, 'a', 257, 2, 246, 36, 212, 38, 178, 72, 144, 70, 146, 104, 148, 138, 114, 136, 112, 170, 78, 172, 44, 174, 10]
Game 3
4771
13222
5381
12622
7834
13223
7483
10182
5879
11055
4905
12913
5094
10112
5635
10672
6152
10313
3853
11689
5281
12157
5323
8990
5382
9638
5924
9951
6342
10542
4922
12519
5759
11866
8605
23391
9258
34342
13476
0
['s', 159, 'd', 'w', 's', 'd', 231, 129, 99, 115, 213, 77, 'w', 's', 'a', 'a', 'a', 155, 57, 39, 'w', 221, 'a', 'w', 's', 'w', 1, 'w', 's', 207, 171, 87, 51, 193, 9, 'd', 21, 'w', 75, 144, 70, 142, 68, 108, 102, 106, 136, 104, 138, 102, 140, 68, 142, 70, 144, 72, 146, 38, 180, 36, 214, 2]
Game 4
4831
13756
5886
12830
7173
9478
5531
8765
3808
10663
6637
12003
7768
12061
4892
10524
7033
10956
7589
12708
5988
9850
6123
11543
5714
13376
6303
9487
6591
8583
6423
12600
7976
23166
8152
22913
10444
0
['s', 159, 'd', 'd', 231, 163, 131, 'd', 251, 113, 's', 'w', 's', 107, 213, 's', 'w', 'a', 'a', 41, 53, 'a', 's', 91, 'd', 167, 'w', 21, 81, 153, 1, 87, 9, 'd', 11, 'a', 13, 246, 76, 212, 42, 178, 8, 176, 6, 174, 4, 140, 2, 106, 36, 104, 38, 102, 40, 68, 74, 34, 72, 0]
Game 5
4860
13842
4253
8724
3034
7516
3347
9823
5415
12373
6006
10773
6567
10202
6143
9652
5104
9050
4396
8454
2541
8109
5634
7473
6156
16109
5950
17222
7224
18270
0
['s', 'w', 23, 159, 95, 59, 53, 41, 'd', 11, 175, 229, 'w', 'a', 243, 'w', 179, 's', 99, 'd', 233, 119, 31, 39, 77, 137, 'a', 189, 'a', 269, 4, 248, 38, 250, 36, 252, 34, 254, 68, 220, 102, 186, 104, 152, 106, 150, 140, 148, 142, 146, 144, 142.0, 146, 108.0, 180, 106.0, 214, 72.0, 216, 70.0, 218, 68.0, 220, 34.0, 254, 0.0]
