Game 1
5092
13853
7460
12429
5658
12453
6622
13312
3282
10910
5235
10690
4412
10316
6030
10774
7818
10292
7622
10259
5998
8623
5790
8385
5155
8706
6946
26953
12162
31222
1
['s', 235, 23, 159, 's', 'w', 'd', 163, 53, 'w', 63, 'a', 175, 'd', 181, 'd', 229, 155, 131, 113, 243, 171, 'd', 81, 15, 43, 211, 27, 'a', 95, 44, 180, 46, 178, 48, 176, 14, 210, 12, 244, 10, 278, 8, 280, 6, 246, 4, 248, 38, 250, 36, 216, 34, 182, 68, 184, 102, 150, 136, 152, 170, 118, 204, 84, 238, 50, 272]
Game 2
5480
13839
5024
9362
3242
9428
3459
8368
3567
10275
3792
8993
3826
9684
2763
10112
7457
9151
6685
8660
7628
21885
5912
24985
9894
26940
1
['s', 'w', 25, 161, 21, 157, 29, 199, 119, 'w', 181, 221, 123, 's', 65, 267, 165, 115, 51, 37, 231, 117, 'd', 45, 's', 109, 112, 248, 114, 250, 80, 252, 82, 218, 84, 220, 118, 186, 152, 118.0, 186, 84.0, 220, 82.0, 254, 80.0, 288]
Game 3
5380
13055
7864
14502
8984
13201
6468
11009
5872
11167
5057
10341
4082
9864
7607
8665
6780
8044
5955
7310
5285
22087
7921
25601
1
['s', 215, 's', 'w', 59, 161, 55, 157, 95, 165, 51, 153, 99, 265, 63, 7, 119, 87, 13, 129, 189, 'd', 1, 201, 110, 214, 144, 180, 146, 182, 148, 184, 150, 186, 152, 118.0, 186, 116.0, 184, 114.0, 182, 112.0, 216, 110.0, 250, 76.0, 252, 78.0, 286]
Game 4
5187
13329
7301
14573
9164
15070
10492
13955
8520
15190
5994
13941
6119
12122
4333
14354
6282
10727
6392
10049
5569
9444
7338
14141
7312
18804
9377
23005
12558
25815
14257
30788
11976
35424
15558
1
['s', 137, 's', 'w', 's', 'w', 25, 261, 's', 265, 21, 257, 29, 269, 'a', 205, 'w', 69, 'w', 129, 'a', 53, 49, 175, 199, 'w', 87, 'w', 243, 'w', 117, 's', 17, 's', 185, 212, 74, 246, 40, 248, 38, 250, 36, 252, 34, 254, 68, 220, 102, 186, 136, 152, 170, 118, 204, 84, 238, 50, 272]
Game 5
5491
13395
6483
10044
6131
8928
5601
10045
4795
10550
4832
11459
5088
9917
4260
7970
4150
7361
3406
10859
4438
12711
5986
0
['s', 197, 227, 57, 245, 223, 27, 'd', 65, 43, 265, 7, 'w', 201, 53, 193, 17, 255, 189, 259, 233, 145, 85, 280, 10, 246, 12, 248, 14, 214, 48, 212, 46, 210, 80, 208, 114, 206, 112, 204, 110, 170, 144, 136, 178, 102, 176, 104, 174, 106, 172, 72, 170, 70, 204, 68, 206, 34, 208, 36, 210, 38, 212, 4]
