Game 1
5076
13817
7440
14624
9065
14977
10601
16806
6668
15411
11585
16308
12363
14539
10779
12750
8262
16329
7371
11376
5202
11224
8098
10003
7226
9492
6553
17499
16065
40427
15785
46285
17026
1
['s', 133, 's', 'w', 's', 'w', 's', 261, 125, 'w', 's', 213, 161, 209, 21, 195, 'a', 189, 'w', 'd', 129, 255, 141, 1, 31, 3, 41, 9, 121, 'a', 167, 'as', 39, 142.0, 178, 176.0, 180, 178.0, 182, 180.0, 216, 182.0, 250, 216.0, 284]
Game 2
4492
13595
7034
15065
9557
12989
6383
11924
4519
13867
6640
12724
7454
12437
7925
11536
7559
10234
7497
9534
7242
8997
6825
12606
10692
17325
7648
19424
7548
21986
8894
23132
9443
24540
9751
27289
10738
30409
11954
33942
13683
38167
14976
45363
17061
52702
19963
61259
23036
71606
28579
1
['s', 45, 's', 'w', 57, 159, 'd', 93, 'a', 75, 'd', 'w', 97, 5, 155, 25, 103, 163, 35, 17, 'w', 29, 83, 231, 227, 'a', 179, 'a', 223, 'w', 'a', 'a', 'a', 'a', 'w', 's', 'd', 's', 'd', 'd', 'd', 'd', 'd', 'd', 'd', 'd', 's', 'd', 's', 'd', 65, 252, 118, 218, 152, 184, 186, 150, 220, 148, 254, 146, 288]
Game 3
5357
14097
7885
14555
8887
12300
7910
12752
8382
11901
5832
12777
6661
13252
6998
11589
7670
13214
5542
12767
5807
9935
5620
8769
2637
9596
4825
15050
8269
23881
9794
28006
11474
35667
13539
41793
16827
1
['s', 211, 's', 'w', 229, 159, 215, 's', 31, 'a', 's', 'w', 'd', 129, 155, 81, 'a', 111, 17, 103, 'w', 39, 21, 43, 133, 75, 89, 71, 171, 'a', 's', 'a', 's', 'a', 'a', 'w', 141, 170, 108, 136, 106, 102, 140, 68, 138, 70, 104, 138.0, 70, 140.0, 68, 106.0, 102, 108.0, 136, 142.0, 170, 144.0, 204, 110.0, 238, 76.0, 272]
Game 4
4918
13384
7835
14135
8214
15416
10938
16103
13143
18033
14339
15518
11235
14700
10235
13412
9157
12188
7372
9625
7518
8400
6504
8591
6103
11628
7544
22382
8460
24406
9525
1
['s', 83, 's', 'w', 's', 'w', 's', 'w', 's', 227, 41, 231, 25, 223, 159, 181, 'a', 175, 145, 235, 55, 259, 15, 5, 29, 3, 151, 's', 17, 'd', 113, 180, 212, 146, 214, 112, 180, 78, 146, 80, 112, 114, 110, 148, 144, 182, 142, 216, 140, 218, 174, 220, 208, 186, 206, 152, 204, 118, 238, 84, 272]
Game 5
5235
13788
6553
14451
8321
14415
9338
15301
13204
18055
14425
16072
11779
14783
11249
13221
9955
11179
5948
13315
6572
7540
5674
7079
4981
10063
7898
23679
9317
0
['s', 163, 's', 'w', 's', 'w', 's', 'w', 's', 227, 15, 231, 159, 223, 89, 235, 167, 173, 141, 105, 193, 217, 79, 239, 29, 37, 1, 'a', 5, 178, 210, 180, 208, 214, 174, 212, 140, 210, 106, 208, 108, 174, 110, 140, 76, 106, 74, 108, 72, 110, 38, 76, 4, 42, 2, 8]
