Game 1
5222
14176
7112
11125
5837
9816
6328
10127
4465
9957
3514
8173
3637
7584
3832
7979
3734
7663
4160
7771
4165
7556
4285
10865
4763
11470
4943
13100
4576
10819
4583
10401
4842
13096
5769
14011
4861
14907
5943
14073
6076
11647
6219
10644
4291
30374
12281
55047
20399
86316
26689
115045
35659
1
['s', 225, 263, 59, 29, 231, 51, 'a', 55, 45, 245, 235, 'w', 249, 'd', 255, 'd', 'a', 'd', 189, 'd', 71, 's', 'w', 's', 'a', 'a', 175, 's', 'a', 's', 'w', 73, 'w', 'a', 'd', 'a', 'w', 113, 'd', 'a', 'd', 'a', 'd', 161, 'a', 69, 's', 's', 'd', 'a', 'd', 165, 182, 170, 184, 204, 186, 238, 152, 240, 118, 242, 84, 276]
Game 2
5160
13105
7514
14462
9117
13369
5812
12761
7489
10742
6237
9884
2450
10908
4682
11235
8080
10344
7230
9907
5179
7353
4889
6540
5474
13573
1
['s', 243, 's', 'w', 23, 159, 'd', 'w', 27, 163, 123, 'd', 31, 269, 119, 87, 99, 265, 111, 109, 39, 261, 215, 257, 17, 113, 80, 180, 114, 182, 148, 184, 150, 116.0, 184, 114.0, 182, 80.0, 180, 78.0, 214, 76.0, 212, 74.0, 210, 108.0, 208, 106.0, 242, 104.0, 240, 102.0, 238, 68.0, 272]
Game 3
5345
8712
5174
11637
2895
10420
4629
11580
4812
12233
4682
12555
5504
11761
5646
11698
3589
12214
9558
11334
8407
10836
6254
11256
12561
18498
3263
19467
3982
24718
3609
24519
5783
24422
3111
25153
6256
27631
10171
33952
15587
40966
0
[125, 'd', 265, 'd', 269, 'a', 's', 'a', 's', 'w', 's', 'w', 61, 'd', 197, 'd', 201, 'a', 83, 'a', 51, 139, 19, 'w', 93, 75, 'd', 145, 'd', 97, 'd', 221, 's', 251, 'd', 1, 'w', 73, 'w', 85, 'w', 57, 48, 144, 46, 142, 44, 140, 42, 106, 40, 72, 38, 40, 72, 6]
Game 4
5129
13347
7413
9620
5022
11762
7331
11418
8093
10928
6595
11542
7040
12013
4483
12106
8410
11003
7910
10801
6560
8456
3962
9483
4259
11975
4289
9004
7289
21789
8640
0
['s', 197, 227, 159, 243, 'd', 's', 'w', 'a', 155, 's', 'w', 's', 'a', 179, 137, 51, 201, 21, 107, 37, 91, 205, 43, 'd', 27, 1, 85, 7, 'w', 15, 212, 110, 210, 112, 208, 78, 242, 44, 276, 46, 274, 48, 272, 14, 238, 12, 204, 10, 170, 8, 136, 42, 102, 76, 104, 74, 106, 72, 38.0, 106, 72.0, 104, 74.0, 102, 76.0, 136, 42.0, 170, 8.0]
Game 5
5077
13647
7795
12236
5920
9894
5280
10258
5372
9203
1612
9965
3610
8803
2102
7174
3567
6030
3700
10025
4551
1
['s', 269, 25, 161, 21, 157, 29, 165, 51, 153, 133, 265, 129, 125, 17, 59, 11, 87, 93, 3, 211, 246, 40, 212, 74, 178, 108, 180, 106, 182, 140, 184, 142, 186, 144, 152, 146, 150, 148, 146.0, 150, 144.0, 152, 142.0, 186, 140.0, 220, 106.0, 254, 108.0, 252, 74.0, 250, 76.0, 248, 78.0, 246, 80.0, 280]
