Game 1
4913
13292
6328
11940
7192
12627
7824
14334
9060
14993
12994
17881
14323
15799
11660
14689
10874
14565
10630
13606
6409
10754
8161
10065
7263
9190
6379
21860
15532
45649
18959
56739
22022
1
['s', 161, 'a', 'w', 's', 'w', 's', 'w', 's', 'a', 's', 227, 253, 209, 157, 179, 'wa', 223, 119, 255, 139, 1, 167, 3, 115, 5, 13, 7, 43, 'as', 177, 'a', 61, 204, 208, 238, 206, 240, 204, 242, 238, 276, 240, 278, 242, 244, 276]
Game 2
4949
13267
4234
8173
2977
9266
3249
7178
3286
9300
2482
10663
6309
10641
4373
8140
3808
7008
5082
6447
5627
13135
5406
14225
0
['s', 'w', 25, 161, 21, 157, 63, 165, 17, 'd', 99, 235, 193, 153, 95, 57, 29, 269, 127, 261, 3, 265, 'd', 257, 78, 214, 76, 180, 110, 182, 112, 184, 114, 186, 148, 152, 150, 118, 152, 116, 186, 114, 220, 112, 218, 110, 216, 76, 250, 78, 248, 44, 246, 46, 244, 48, 242, 50, 240, 16]
Game 3
4675
12973
6955
14064
8335
14746
9754
13823
6924
13796
9305
13722
5894
12011
6338
12114
4161
12230
5152
8512
5501
7894
5351
7217
4817
8808
6597
16868
6826
0
['s', 219, 's', 'w', 's', 'w', 57, 159, 'd', 'd', 95, 163, 183, 201, 'a', 107, 177, 39, 213, 61, 85, 261, 265, 225, 37, 129, 155, 's', 195, 250, 76, 252, 78, 286, 80, 284, 82, 282, 48, 280, 14, 278, 12, 276, 10, 242, 8, 240, 6, 206, 4, 172, 38, 170, 72, 136, 106, 102, 140, 104, 138, 106, 136, 72, 170, 38, 204, 4]
Game 4
5057
13211
7125
14048
7910
12799
7756
13319
8719
14161
10800
16098
12988
14439
11035
13021
9550
17952
7784
12694
8280
17498
7763
10434
8702
8117
6712
12837
8487
22852
9200
21929
9253
24503
10003
29008
11201
0
['s', 167, 's', 'w', 59, 263, 's', 'w', 's', 'w', 's', 259, 125, 267, 85, 209, 'd', 217, 'w', 'w', 'd', 235, 'a', 141, 145, 73, 65, 137, 1, 's', 3, 'a', 7, 's', 9, 'w', 11, 210, 146, 212, 112, 214, 78, 180, 76, 146, 74, 112, 40, 78, 38, 80, 72, 46, 106, 12]
Game 5
4720
13285
5464
13259
6320
13135
8451
9701
6138
9425
5765
11352
7167
12106
7649
13113
7003
12997
9428
12234
9286
11797
8606
11754
7792
11204
8174
11083
8588
8533
9761
18200
16244
23607
17573
44536
22477
65726
1
['s', 159, 's', 'w', 'd', 'd', 197, 95, 31, 45, 'a', 'w', 's', 'a', 's', 'a', 175, 's', 121, 'a', 91, 'w', 139, 'a', 187, 111, 83, 223, 73, 1, 133, 3, 'a', 5, 'a', 7, 's', 9, 208, 204, 206, 238, 204, 240, 238, 242, 272]
