Game 1
5316
13603
7582
14558
9006
15545
10617
17152
13981
18574
16216
17445
12996
15238
11818
15284
8187
11383
7235
11117
5802
10893
6261
9716
3515
8955
6453
8402
9260
29863
11394
32144
12985
34795
0
['s', 243, 's', 'w', 's', 'w', 's', 'w', 's', 'w', 235, 227, 91, 179, 59, 175, 125, 'd', 129, 263, 115, 'a', 143, 'd', 133, 139, 53, 189, 95, 163, 'w', 71, 'w', 63, 178, 144, 212, 178, 210, 212, 176, 210, 142, 176, 140, 142, 106, 140, 72, 106, 74, 72, 40, 74, 38, 40, 36, 6]
Game 2
5425
13761
7507
12915
5401
13110
5898
12328
9152
12063
7701
10834
7703
12295
5918
9288
4072
9144
5594
8750
5895
8315
5786
8010
5331
21407
8798
1
['s', 179, 25, 161, 's', 'a', 89, 109, 51, 165, 21, 41, 'd', 235, 55, 'd', 31, 267, 'd', 'd', 263, 253, 193, 225, 117, 81, 13, 280, 114, 278, 148, 244, 150, 246, 116, 248, 82, 214, 84, 180, 118, 182, 152, 184, 186, 152, 220, 118, 218, 84, 216, 82, 250, 116, 248, 150, 246, 148, 244, 114, 278]
Game 3
5849
13693
8025
12328
5431
10796
6433
9240
5421
12727
6228
10233
6634
9743
5888
9157
6353
8519
6391
12303
7889
24156
11248
34090
13945
0
['s', 103, 25, 161, 55, 59, 29, 45, 'a', 5, 'w', 235, 17, 251, 147, 3, 141, 151, 199, 41, 95, 'd', 35, 'd', 65, 250, 8, 216, 10, 218, 12, 220, 14, 186, 16, 152, 50, 118, 48, 84, 46, 82, 80, 46, 82, 48, 116, 50, 118, 16]
Game 4
5179
14108
7220
12571
5501
12805
6302
11255
4798
11589
7339
10450
6377
10149
6457
10677
7517
9725
5405
8224
5370
7742
4824
7439
6272
18976
7509
20480
1
['s', 17, 25, 161, 's', 'w', 21, 157, 131, 265, 83, 'd', 's', 'w', 181, 105, 231, 113, 65, 75, 243, 223, 247, 'w', 43, 7, 's', 39, 142, 178, 108, 176, 106, 174, 72, 172, 70, 138, 104, 70.0, 138, 72.0, 172, 106.0, 206, 140.0, 204, 142.0, 238, 144.0, 272]
Game 5
5417
13205
7663
14364
9018
13401
7766
11896
8289
11523
6759
11011
7908
10589
7299
10252
7197
9173
6224
8085
5420
7492
7622
12044
8219
25678
12655
33395
13869
36032
15136
40705
1
['s', 243, 's', 'w', 59, 263, 55, 91, 27, 'a', 227, 41, 221, 'd', 213, 95, 9, 81, 137, 167, 15, 'a', 23, 131, 'd', 253, 'd', 's', 'w', 'd', 'd', 245, 82, 282, 116, 284, 118, 250, 152, 216, 150, 182, 148, 150, 182, 152, 216, 118, 250, 84, 284]
