Game 1
5535
13911
7613
14864
8881
13683
6244
12005
6389
11328
6637
10578
5578
9851
6531
9259
6444
6890
4253
6925
4437
8320
4755
13309
5690
16765
6766
0
['s', 181, 's', 'w', 25, 161, 89, 93, 249, 45, 'a', 37, 'a', 55, 157, 69, 17, 233, 97, 167, 139, 185, 5, 'w', 13, 'w', 15, 212, 74, 210, 76, 208, 42, 206, 40, 172, 6, 138, 8, 104, 10, 106, 12, 108, 46, 110, 80, 112, 82, 114, 84, 116, 118, 84, 116, 50, 114, 16]
Game 2
4953
13092
7013
14414
8223
14202
10023
11434
3496
11921
7814
11871
6165
11307
5984
12060
7788
9990
7073
9418
5573
12085
5153
10707
5667
15034
5329
17161
7196
18500
7312
1
['s', 225, 's', 'w', 's', 'w', 's', 229, 159, 111, 'a', 107, 179, 221, 121, 43, 51, 185, 55, 233, 75, 23, 'd', 15, 137, 'a', 173, 'a', 191, 'd', 1, 212, 110, 178, 76, 176, 42, 174, 40, 140, 38, 138, 4, 172, 6, 206, 8, 204, 10, 170, 44, 136, 78, 102, 112, 68, 146, 70, 148, 72, 150, 74, 152, 108, 186, 142, 220, 144, 254, 110, 288]
Game 3
5394
13797
7728
14794
9076
13257
6751
11352
5419
11087
5210
10199
6361
10409
4919
10420
7062
9649
5647
8995
4663
11679
5735
13079
5337
17104
7125
20442
8028
24275
9465
28036
10855
29864
11800
1
['s', 9, 's', 'w', 23, 159, 95, 163, 53, 155, 63, 199, 's', 'a', 119, 115, 167, 107, 'w', 87, 17, 221, 3, 257, 'a', 'w', 175, 's', 'a', 'a', 'a', 'w', 'a', 'a', 187, 208, 102, 174, 104, 172, 106, 170, 140, 136, 138, 140.0, 136, 106.0, 170, 104.0, 172, 102.0, 174, 68.0, 208, 70.0, 242, 72.0, 244, 74.0, 278]
Game 4
5701
13410
5724
13143
6083
12885
7245
14256
8933
13300
8579
12340
8653
14360
6539
10925
3695
10633
5954
10245
6685
16042
6175
9867
6659
9426
7158
14215
9024
26443
10984
28288
10908
37577
14746
0
['s', 159, 's', 'd', 231, 'w', 's', 'a', 'd', 261, 25, 'w', 'd', 235, 's', 163, 175, 257, 99, 247, 'a', 109, 'w', 93, 49, 3, 41, 145, 71, 'a', 85, 'd', 29, 's', 223, 244, 146, 242, 148, 240, 150, 238, 184, 204, 218, 170, 216, 136, 214, 138, 212, 140, 246, 106, 244, 72, 242, 38, 240, 4]
Game 5
5181
13632
7390
12125
5621
9923
5170
9097
5926
10305
5086
10113
5866
10286
6459
10037
6591
9307
5972
8938
6599
14415
6547
17334
7811
18378
7254
18143
7149
16175
6191
14556
5302
16389
5848
17171
6803
1
['s', 17, 25, 161, 89, 59, 29, 'w', 55, 45, 'a', 3, 'w', 269, 'd', 7, 165, 171, 'd', 49, 'd', 265, 151, 'w', 179, 's', 109, 'a', 'd', 'd', 'd', 'a', 's', 'd', 133, 'w', 177, 246, 84, 244, 118, 210, 116, 176, 114, 142, 112, 108, 78, 106, 76, 104, 74, 70, 72, 74.0, 70, 76.0, 104, 110.0, 138, 112.0, 172, 114.0, 206, 116.0, 240, 118.0, 274]
