Game 1
5352
13473
4531
9283
3272
8872
3241
8248
3144
9722
4893
9782
5150
10823
3492
9041
1981
9835
5784
9496
6981
9414
6520
9012
6672
8184
6887
20105
8823
22275
9275
23517
9965
25618
10958
30644
11203
35230
13096
47775
0
['s', 'w', 25, 161, 21, 157, 29, 165, 51, 255, 's', 'w', 'a', 259, 133, 'a', 3, 'w', 17, 'd', 129, 225, 's', 61, 235, 107, 7, 89, 'd', 'a', 'w', 'a', 'a', 'a', 'd', 'w', 'a', 'w', 'a', 153, 74, 70, 76, 72, 110, 74, 144, 76, 146, 42, 148, 44, 150, 46, 152, 48, 186, 50, 220, 16]
Game 2
5191
13171
4627
14266
6853
12249
5099
11924
7916
12525
7609
12777
7408
12968
6531
11267
7331
13822
6529
12083
5836
13325
6672
10584
7354
9388
6741
8792
6192
12879
13959
75068
18407
101504
29074
1
['s', 'w', 's', 261, 227, 'd', 163, 'w', 's', 'a', 193, 125, 209, 73, 'd', 'd', 'd', 115, 's', 113, 'w', 47, 'w', 45, 21, 199, 179, 247, 49, 3, 181, 's', 219, 'd', 267, 248, 46, 282, 12, 284, 14, 286, 48, 288, 82, 254, 116, 220, 150, 186, 184, 152, 186, 118, 220, 84, 254, 50, 288]
Game 3
5199
13447
5605
12677
7798
9715
5986
7021
4853
11426
4467
10246
7336
10977
5954
11446
7294
10234
7715
9241
6858
8328
6301
12416
8244
21898
9546
23991
9479
21032
9948
29820
11982
0
['s', 159, 'd', 'w', 27, 61, 'a', 197, 's', 'w', 'd', 95, 'd', 99, 'a', 43, 121, 269, 175, 53, 41, 207, 3, 261, 17, 'a', 89, 'd', 111, 's', 213, 'a', 189, 242, 80, 276, 82, 274, 48, 240, 14, 206, 12, 204, 10, 170, 8, 136, 42, 102, 76, 68, 110, 70, 144, 72, 142, 74, 140, 40, 174, 6]
Game 4
4907
13441
7890
14598
8641
12743
6333
12560
7668
13704
9076
14103
6202
11379
4223
11502
6550
12330
3016
8029
3535
7232
5029
7665
3305
6588
6190
16484
7236
17970
1
['s', 99, 's', 'w', 25, 161, 'a', 'w', 's', 'a', 21, 157, 119, 139, 95, 109, 43, 89, 181, 'd', 229, 'a', 263, 267, 211, 1, 3, 7, 's', 11, 108, 244, 106, 278, 104, 280, 70, 282, 72, 284, 74, 286, 76, 288, 110, 254, 144, 220, 146, 186, 148, 152, 182, 118, 216, 116, 250, 114, 252, 112, 254, 110, 288]
Game 5
5607
13481
7895
13996
8622
15159
10936
16424
13455
18181
14809
15937
11814
14619
10409
13520
6231
14976
8311
11246
7621
10271
7828
9595
7253
14346
11899
27654
10281
28887
10817
31971
12534
0
['s', 171, 's', 'w', 's', 'w', 's', 'w', 's', 263, 121, 259, 25, 213, 'a', 255, 'w', 145, 91, 15, 147, 1, 29, 37, 87, 77, 5, 's', 7, 's', 11, 'w', 47, 178, 142, 144, 108, 110, 106, 108, 104, 106, 102, 104, 68, 102, 70, 68, 36, 34, 2, 0]
