Game 1
24724
22842
26833
34882
30559
29085
28076
24890
27348
19102
17799
17891
18041
17331
17368
17710
18530
17845
23585
18413
51497
28900
73446
41683
91999
120893
160474
175592
176090
176655
189791
190618
258087
267129
296719
301757
325784
341904
365981
402039
444620
453725
519495
542592
0
['s', 'w', 25, 161, 89, 57, 63, 43, 'a', 5, 'w', 'w', 51, 'w', 'd', 3, 93, 133, 113, 45, 181, 249, 177, 231, 191, 's', 207, 's', 'd', 'a', 'd', 's', 'd', 'a', 's', 'a', 'd', 'w', 's', 'w', 'a', 'w', 's', 251]
