Game 1
16688
17372
18121
17933
19310
18991
20212
21057
16142
17731
16692
16934
19653
14911
16707
13095
12270
12234
13217
10264
12670
15094
18127
18727
24462
25104
25151
25938
26125
28114
28298
29538
29796
31174
31348
32898
33118
35125
35668
37369
37857
41521
42329
47930
48518
52788
53375
59521
60355
67898
69199
75699
76362
84707
85928
1
['s', 105, 's', 'w', 's', 'w', 's', 227, 193, 231, 179, 257, 189, 235, 207, 141, 115, 73, 261, 91, 265, 95, 17, 45, 21, 'a', 'd', 'a', 'd', 's', 's', 'd', 'd', 'd', 'w', 'd', 'w', 'd', 'w', 'd', 'w', 's', 'w', 'a', 'a', 'a', 'a', 'a', 's', 'a', 'a', 'a', 'a', 'a', 7, 272, 38, 238, 72, 204, 106, 170, 140, 136, 174, 102, 172, 68, 170, 34, 204, 36, 238, 38, 272]
Game 2
16588
17363
18829
17914
19733
19204
20449
21744
17569
17697
17448
17232
20465
15704
15729
13949
17929
15098
14903
22573
22588
27006
28064
26487
26909
30782
30832
30452
30259
30032
30096
29737
30041
32327
32144
37372
37085
39064
38675
42873
44549
51622
51324
50360
50772
65391
67079
75394
76872
103117
102884
101445
101170
167539
167433
101755
105549
1
['s', 41, 's', 'w', 's', 'w', 's', 227, 193, 145, 93, 189, 213, 127, 205, 109, 257, 139, 245, 71, 17, 53, 's', 5, 'a', 'a', 'w', 'a', 'w', 's', 'w', 'd', 'w', 's', 'w', 'a', 'd', 'a', 'd', 'a', 's', 'w', 'd', 'w', 's', 'w', 's', 'w', 's', 'w', 's', 'w', 's', 'w', 's', 'd', 's']
Game 3
16828
15028
16418
15657
21148
14402
14019
14464
15276
14728
15495
15729
15707
14284
19762
14765
15008
13814
13334
12970
12514
12279
19976
34636
26734
23099
22417
21252
21679
20536
20612
19703
42462
44516
46983
50267
55117
55144
60502
61339
66527
67936
79038
81570
93590
97870
0
[125, 'd', 265, 'd', 269, 'a', 27, 'a', 's', 'w', 's', 'd', 231, 'd', 31, 'd', 235, 207, 71, 129, 139, 75, 21, 59, 'd', 133, 'd', 63, 'd', 225, 'd', 221, 'w', 'a', 'a', 'a', 'a', 261, 'a', 'a', 'a', 'w', 'a', 'a', 's', 73, 40, 176, 38, 142, 72, 140, 106, 72.0, 140, 38.0, 174, 36.0, 208, 2.0]
Game 4
16270
14406
13218
14777
16428
14661
13695
17533
14396
18976
13554
12758
12381
11518
11104
10090
11480
9781
10843
10417
12020
15949
14501
15242
15380
16404
16242
22059
23137
24025
25116
26513
27799
1
[127, 157, 21, 'd', 131, 25, 'a', 153, 'd', 11, 31, 143, 63, 167, 13, 267, 263, 243, 'a', 235, 'a', 253, 'a', 'a', 's', 'a', 'd', 'w', 37, 'w', 77, 'd', 55, 178, 40, 144, 42, 146, 44, 148, 78, 150, 112, 152, 114, 118, 116, 84, 118, 82, 152, 80, 150, 78, 148, 44, 182, 42, 216, 76, 250, 110, 248, 108, 246, 106, 244, 104, 278]
Game 5
16346
17419
17658
18175
15961
16748
19733
15091
16485
14473
14067
14934
15873
14980
13890
16954
13570
17179
15957
13644
17896
15638
13034
10939
10207
10005
10895
19802
26210
31703
31755
0
['s', 'w', 23, 261, 27, 265, 19, 257, 31, 269, 'a', 'a', 'a', 'a', 'a', 221, 's', 87, 51, 'w', 55, 225, 59, 229, 63, 233, 'd', 73, 141, 'd', 193, 212, 70, 214, 68, 180, 102, 146, 136, 112, 170, 78, 204, 80, 206, 82, 208, 84, 210, 50, 212, 48, 214, 46, 216, 44, 218, 42, 220, 40, 254, 38, 252, 36, 250, 34, 248, 0]
