Game 1
16518
17463
18746
18322
19458
18995
20465
20898
16487
17946
17289
17059
19933
14563
13877
14292
15062
14640
14431
21773
17018
25765
27846
34208
37078
39786
39515
30897
31248
31873
31931
35137
33435
35236
32211
63881
71196
74809
73105
92988
98442
1
['s', 13, 's', 'w', 's', 'w', 's', 263, 195, 143, 211, 233, 181, 269, 15, 75, 99, 113, 'w', 59, 63, 77, 's', 115, 'd', 's', 225, 'd', 'w', 'd', 'w', 'd', 'd', 'd', 's', 'a', 95, 'a', 189, 's', 39, 282, 148, 280, 182, 278, 216, 244, 218, 242, 220, 240, 254, 206, 252, 204, 250, 170, 284]
Game 2
16268
17215
18607
17943
19013
18684
20513
20546
16426
28421
17901
18623
19389
18381
14877
14496
15788
16470
19705
13065
16321
20155
16852
13504
13482
16144
19016
23981
29951
32941
0
['s', 149, 's', 'w', 's', 'w', 's', 229, 'a', 225, 161, 'a', 191, 255, 85, 'd', 123, 'd', 181, 199, 195, 241, 105, 81, 127, 61, 23, 43, 1, 57, 144, 212, 146, 210, 148, 208, 114, 206, 112, 172, 110, 174, 76, 140, 74, 142, 72, 144, 38, 146, 4, 148, 6, 114, 8, 112, 10, 110, 44, 76, 46, 74, 48, 72, 82, 38, 116, 4]
Game 3
16250
17397
18287
18791
17571
15284
14762
15931
13751
22984
14073
14018
13291
12840
12629
12289
11015
10507
10637
10038
10425
14315
24819
29133
19044
33631
35023
36440
36896
1
['s', 'w', 23, 159, 61, 57, 19, 39, 'd', 11, 'w', 51, 65, 47, 87, 119, 193, 173, 209, 113, 'a', 75, 'a', 'a', 261, 'd', 197, 'w', 247, 214, 4, 216, 2, 218, 0, 184, 34, 182, 36, 180, 38, 146, 72, 144, 70, 142, 68, 108, 102, 106, 104, 102.0, 106, 68.0, 140, 70.0, 174, 72.0, 208, 38.0, 242, 36.0, 276]
Game 4
16069
17280
17811
17999
19121
18742
19969
21424
17583
19218
17201
24587
15865
17554
20324
26087
15091
19049
14280
14192
13625
13176
13578
13489
12334
18148
40520
62264
43345
42796
52119
58450
90141
99325
103225
112608
113496
1
['s', 197, 's', 'w', 's', 'w', 's', 227, 91, 213, 61, 223, 's', 'w', 'd', 201, 'a', 177, 5, 183, 127, 85, 'wa', 255, 23, 245, 's', 'd', 147, 'a', 123, 'a', 139, 's', 209, 'w', 53, 210.0, 174, 176.0, 208, 174.0, 206, 208.0, 204, 206.0, 238, 172.0, 240, 138.0, 242, 104.0, 276]
Game 5
16071
15039
14720
14482
14801
16089
15210
14793
15664
14832
14745
15935
14794
17026
14809
17583
14749
16513
13524
13234
20237
15190
11861
11211
11121
11039
11021
12167
15086
21544
46541
45333
54422
55040
1
[125, 265, 27, 'w', 's', 'd', 163, 'w', 99, 'w', 's', 'a', 's', 'w', 'a', 73, 'd', 77, 143, 199, 95, 's', 195, 41, 3, 35, 17, 9, 181, 13, 'w', 15, 's', 21, 108, 144, 74, 146, 40, 148, 38, 150, 72, 184, 106, 186, 140, 220, 174, 254, 208, 252, 242, 250, 276]
