Game 1
17185
17408
18357
18797
18420
16071
16842
15964
17543
14121
21659
13330
12498
10841
10239
9649
9228
9050
8458
8381
18218
19498
1
['s', 'w', 25, 161, 21, 157, 29, 165, 17, 153, 99, 269, 95, 59, 77, 231, 187, 251, 239, 55, 15, 263, 40, 212, 38, 178, 36, 180, 70, 182, 104, 184, 138, 186, 140, 152, 142, 150, 144, 148, 146, 144.0, 148, 110.0, 150, 76.0, 152, 74.0, 186, 72.0, 220, 70.0, 218, 36.0, 216, 38.0, 214, 40.0, 212, 42.0, 246, 44.0, 244, 46.0, 278]
Game 2
16688
17321
18831
18129
19361
19334
16891
18115
16275
24459
17511
25972
14446
18258
12912
22536
12902
12275
11866
11587
11246
19345
22522
16801
16462
16603
23072
26129
27009
28024
28535
29984
30343
31846
32255
33948
34817
36061
36934
1
['s', 111, 's', 'w', 's', 263, 91, 159, 'a', 155, 129, 103, 'a', 85, 'w', 39, 195, 231, 213, 167, 147, 53, 259, 'a', 209, 'w', 31, 'w', 189, 'a', 'a', 'a', 'a', 'a', 'w', 's', 'w', 's', 239, 204, 2, 206, 4, 240, 6, 274, 40, 276, 74, 278, 76, 280, 78, 282, 112, 284, 114, 250, 116, 252, 150, 218, 148, 184, 182, 148, 216, 150, 218, 116, 252, 82, 286]
Game 3
15940
17220
18087
16744
15940
16355
17021
18102
16761
21146
15077
14568
15384
14997
16103
19554
15141
14202
15812
14957
15789
10624
14604
9312
9998
11848
22655
25386
25462
1
['s', 269, 23, 159, 's', 'w', 27, 163, 19, 155, 's', 'w', 's', 'w', 'd', 113, 31, 105, 119, 93, 179, 265, 193, 55, 5, 257, 35, 'a', 211, 174, 112, 208, 110, 242, 108, 244, 74, 278, 76, 280, 78, 246, 80, 248, 114, 214, 148, 180, 150, 182, 184, 186.0, 218, 152.0, 252, 118.0, 250, 84.0, 248, 82.0, 246, 80.0, 280]
Game 4
16421
15425
13807
14768
14827
15013
15190
16995
17849
17584
20021
19925
16293
18848
17386
15009
12206
14454
11561
11490
11053
11275
11231
11109
10369
15098
32740
42519
30732
53653
50374
63775
60142
0
[125, 231, 27, 'w', 's', 'w', 's', 'd', 'd', 227, 23, 235, 31, 223, 19, 255, 's', 259, 's', 263, 's', 99, 'sa', 171, 13, 199, 105, 'a', 91, 'w', 129, 's', 193, 208, 210, 174, 208, 140, 174, 106, 172, 72, 138, 38, 136, 36, 170, 34, 204, 0]
Game 5
16068
16978
18016
18160
19197
19076
20363
21536
17404
17735
16168
16153
16496
15731
16817
18059
27025
15297
15431
14777
14031
16486
19094
12796
11789
11976
11078
18320
19340
41120
48110
51227
1
['s', 65, 's', 'w', 's', 'w', 's', 229, 195, 259, 91, 'a', 123, 'w', 's', 'd', 95, 'd', 47, 147, 1, 143, 111, 233, 53, 269, 215, 255, 73, 3, 'd', 5, 146, 216, 112, 218, 114, 220, 148, 254, 182, 252, 216, 250, 218, 284, 220, 282, 254, 248, 252, 246, 250, 244, 284]
