Game 1
16998
17430
17682
17355
18323
15944
15207
15585
13930
23387
14098
13312
12756
12295
11942
11583
11064
10779
11987
19820
9866
28064
32399
0
['s', 'w', 23, 159, 61, 57, 19, 39, 'd', 11, 89, 119, 163, 221, 81, 65, 243, 29, 175, 225, 173, 231, 111, 212, 10, 178, 8, 180, 6, 182, 4, 184, 2, 150, 0, 148, 34, 114, 68, 80, 102, 78, 104, 76, 106, 110, 108, 106.0, 110, 104.0, 76, 70.0, 78, 36.0, 112, 34.0, 146, 0.0]
Game 2
16176
17210
18430
17241
18302
15908
17611
14944
18165
13981
23144
12999
12400
10826
10162
9288
10027
10100
11718
8482
19790
23282
0
['s', 'w', 23, 159, 27, 163, 19, 155, 31, 167, 85, 255, 89, 57, 93, 9, 1, 259, 71, 263, 245, 141, 40, 212, 38, 210, 72, 208, 74, 174, 76, 172, 78, 170, 80, 136, 114, 138, 112, 140, 110, 106, 108, 110.0, 106, 112.0, 140, 114.0, 138, 80.0, 136, 78.0, 170, 76.0, 204, 74.0, 206, 72.0, 208, 38.0, 210, 36.0, 212, 70.0, 246, 68.0, 248, 34.0, 250, 0.0]
Game 3
16576
17308
18420
17959
18825
19696
10432
17944
19029
18079
20558
16075
17320
14899
17338
15820
22786
14529
14383
14274
14795
14925
14050
17924
15298
11693
11652
21530
10039
9618
16641
14641
41868
53890
55943
0
['s', 259, 's', 'w', 's', 263, 59, 267, 55, 255, 'd', 'd', 63, 'w', 'd', 'd', 31, 'w', 49, 'w', 's', 197, 41, 201, 113, 193, 'a', 189, 161, 171, 'a', 227, 179, 'w', 77, 80, 176, 78, 142, 112, 140, 146, 138, 144, 136, 110, 170, 108, 204, 74, 238, 72, 240, 70, 242, 36, 244, 2]
Game 4
16707
17126
17891
19430
15971
16870
18746
17831
16658
15404
14377
15066
14650
14670
13941
13839
22826
13914
17301
12389
11806
11095
10221
10123
9417
9423
13179
14311
16005
15900
34218
39372
41559
43830
0
['s', 'w', 25, 263, 21, 259, 29, 267, 17, 255, 'd', 'd', 'd', 'd', 's', 'd', 65, 'a', 61, 95, 57, 81, 3, 91, 201, 'a', 119, 'a', 'a', 107, 'a', 213, 'a', 145, 72, 212, 106, 178, 140, 176, 174, 172.0, 176, 138.0, 142, 140.0, 108, 106.0, 110, 72.0, 112, 38.0, 146, 40.0, 180, 42.0, 214, 44.0, 248, 46.0, 250, 48.0, 252, 50.0, 254, 16.0]
Game 5
16646
17385
17957
17747
19118
18562
20500
20654
16641
21828
20448
25401
19485
16396
17958
15119
21127
15222
21701
14231
15292
15361
16515
14957
14274
13931
14106
13455
13254
11588
10582
11259
20921
20715
44268
46291
60032
62387
1
['s', 267, 's', 'w', 's', 'w', 's', 263, 23, 259, 59, 255, 'd', 'd', 63, 'w', 'd', 'd', 31, 'w', 's', 'd', 13, 171, 1, 'a', 55, 149, 79, 197, 127, 's', 145, 3, 'a', 5, 'd', 9, 114.0, 80.0, 116.0, 114.0, 150.0, 116.0, 184.0, 150.0, 218.0, 184.0, 252.0, 218.0, 254.0, 216.0, 288.0]
