Game 1
16904
17364
17562
17909
18434
16356
16291
16900
14298
15118
13410
27968
12662
12594
11940
11304
10889
10429
10126
9997
11688
13111
29574
30883
31429
1
['s', 'w', 25, 161, 55, 157, 63, 59, 19, 37, 'd', 11, 'a', 153, 31, 91, 129, 265, 185, 35, 49, 13, 165, 'w', 215, 178, 40, 180, 6, 182, 4, 216, 2, 250, 0, 252, 34, 254, 68, 220, 102, 186, 136, 152, 138, 118, 140, 116, 142, 114, 144, 112, 146, 110, 148, 108, 150, 106, 152, 104, 186, 102, 220, 68, 254, 34, 288]
Game 2
16945
17421
18661
18487
15950
16223
18904
16486
16527
16898
14119
14817
14994
15493
13857
18062
13118
18234
13659
19368
10720
10228
9921
9506
9330
12470
31849
32050
32594
0
['s', 'w', 23, 261, 27, 265, 19, 257, 31, 269, 'a', 'a', 'a', 'a', 'a', 221, 'd', 53, 225, 39, 59, 195, 139, 213, 95, 175, 123, 'd', 41, 246, 36, 212, 34, 210, 68, 176, 102, 142, 104, 144, 106, 110, 108, 106.0, 110, 72.0, 144, 70.0, 178, 68.0, 176, 34.0, 210, 0.0]
Game 3
16372
17432
18351
18073
19401
18762
20413
21265
16058
18639
15463
17585
15120
24183
16514
21601
14877
16118
13595
13480
13012
33731
11430
17017
27017
52299
34879
53276
41277
25689
28157
28983
30305
31582
31252
1
['s', 85, 's', 'w', 's', 'w', 's', 261, 125, 265, 195, 225, 'd', 147, 'w', 79, 'a', 221, 'a', 73, 177, 269, 1, 43, 83, 'd', 31, 'd', 27, 'w', 57, 'w', 121, 'd', 137, 116, 110, 82, 112, 48, 78, 46, 44, 78, 46, 112, 80, 146, 114, 144, 148, 142, 182, 176, 216, 210, 250, 208, 248, 206, 246, 204, 244, 170, 242, 136, 276]
Game 4
16468
15408
13646
14942
14817
15247
15194
16736
16580
15196
27301
14836
14803
15089
14157
13067
13384
13521
13186
13147
12880
12570
12513
12191
11802
12585
19160
38727
55768
57661
73394
73588
1
[125, 231, 61, 'w', 's', 'w', 's', 'd', 197, 'd', 217, 139, 'd', 161, 177, 'a', 's', 87, 5, 227, 65, 'a', 165, 107, 219, 175, 57, 37, 'a', 201, 'w', 187, 74, 178, 72, 180, 38, 182, 4, 184, 2, 186, 36, 152, 70, 118, 68, 84, 102, 82, 104, 80, 106, 78, 140, 76, 174, 74, 208, 72, 242, 38, 276]
Game 5
16739
14046
16351
14423
15944
15078
13875
15265
22126
14554
14427
15367
13355
15426
12074
14545
12116
12294
11818
11655
11147
10742
10612
13861
23611
23270
24718
24378
24666
24566
24825
0
[127, 259, 89, 'd', 131, 57, 's', 'd', 99, 255, 'd', 61, 'd', 13, 'a', 39, 'a', 263, 113, 31, 223, 215, 199, 23, 143, 'w', 'd', 'w', 217, 's', 51, 284, 10, 286, 8, 252, 6, 218, 4, 220, 38, 186, 72, 152, 70, 118, 104, 116, 138, 114, 172, 80, 206, 78, 208, 112, 210, 110, 212, 108, 178, 106, 180, 104, 182, 70, 184, 72, 186, 38, 220, 4]
