Game 1
16260
17436
18429
17986
19664
19236
20531
21655
16150
17860
16966
17116
15426
14746
15260
16837
22876
13914
13786
13590
13401
19402
12503
31278
12197
50335
106496
123125
1
['s', 39, 's', 'w', 's', 'w', 's', 261, 193, 265, 163, 225, 21, 'd', 125, 'd', 167, 143, 111, 197, 211, 1, 253, 3, 57, 7, 119, 9, 178, 250, 180, 252, 182, 286, 184, 284, 218, 282, 252, 280, 286]
Game 2
16314
17681
17926
18485
17977
16304
17081
17035
15582
14736
19938
14619
19357
12843
12210
11939
11273
11039
10777
10524
15260
23841
37361
30121
45145
46509
67452
69545
1
['s', 'w', 25, 161, 21, 157, 63, 59, 17, 'd', 31, 'w', 49, 'w', 181, 89, 251, 79, 123, 111, 53, 221, 'a', 211, 's', 195, 'd', 93, 74, 178, 72, 176, 70, 174, 104, 172, 138, 104.0, 172, 70.0, 206, 72.0, 208, 74.0, 242, 40.0, 276]
Game 3
16446
17625
17591
17777
17991
16615
14789
15910
13691
22777
14018
14059
13557
13024
12793
12204
11916
11499
11352
11168
11155
15247
50063
58516
59329
0
['s', 'w', 25, 161, 55, 59, 29, 45, 'a', 5, 'w', 201, 17, 239, 93, 51, 103, 241, 97, 165, 177, 37, 227, 'd', 133, 214, 8, 180, 10, 182, 12, 184, 14, 186, 16, 152, 50, 150, 84, 148, 118, 114, 116, 118.0, 114, 84.0, 148, 50.0, 146, 16.0]
Game 4
15952
17254
18200
17714
17972
18436
19312
18988
20069
19292
16868
18416
17561
16014
17655
16880
20309
15931
16098
15654
15862
15039
13540
14000
12331
18271
10551
9933
11548
13248
25726
27091
29140
0
['s', 159, 's', 'w', 'd', 'w', 's', 'd', 197, 129, 97, 115, 'a', 'a', 's', 'a', 175, 's', 225, 163, 243, 221, 65, 45, 211, 201, 229, 93, 233, 1, 'a', 189, 69, 278, 108, 280, 74, 246, 40, 248, 6, 250, 8, 252, 10, 254, 12, 220, 46, 218, 80, 216, 82, 214, 84, 212, 118, 178, 152, 180, 186, 182, 184, 186.0, 182, 152.0, 180, 118.0, 178, 84.0, 212, 82.0, 214, 80.0, 216, 46.0, 218, 12.0]
Game 5
16298
17465
18824
17929
18657
18945
20451
21185
15723
18285
16425
17334
15076
15978
13809
18302
13242
12777
12531
12055
11976
12343
12171
17943
29332
33843
31262
26504
39193
41775
43741
52083
55671
59751
64208
73541
74417
1
['s', 255, 's', 'w', 's', 'w', 's', 227, 23, 231, 195, 143, 'd', 235, 'd', 223, 27, 37, 19, 145, 's', 69, 125, 121, 31, 'a', 187, 'd', 137, 'd', 's', 'd', 75, 'w', 'a', 'a', 129, 148, 212, 150, 210, 116, 208, 82, 206, 48, 204, 46, 238, 44, 240, 42, 242, 40, 276]
