Game 1
15853
17167
17420
17151
18066
15632
15122
16442
13808
25459
14109
13354
13150
12731
12260
11995
11943
11444
13236
12312
22959
68405
83834
0
['s', 'w', 23, 159, 61, 57, 19, 39, 'd', 11, 89, 53, 113, 31, 149, 43, 139, 83, 71, 13, 207, 189, 205, 280, 10, 278, 8, 276, 6, 274, 4, 272, 2, 238, 0, 204, 34, 170, 68, 136, 102, 68.0, 136, 34.0, 170, 0.0]
Game 2
16368
17285
18454
17830
18964
19125
20504
20515
15507
17645
16511
18085
15249
15162
13767
18782
15911
16878
20433
24399
11183
10393
8753
11957
35789
41955
42840
0
['s', 83, 's', 'w', 's', 'w', 's', 263, 195, 259, 55, 267, 59, 255, 63, 145, 177, 125, 181, 219, 17, 151, 29, 85, 189, 's', 21, 244, 142, 210, 140, 176, 106, 142, 72, 140, 70, 106, 36, 72, 38, 70, 40, 36, 42, 38, 44, 40, 46, 42, 48, 8]
Game 3
16716
17421
17686
16864
16109
16412
14654
15578
15216
14004
13717
13455
14311
13918
19736
13243
13189
12596
12713
11763
11235
11174
10897
12091
23557
40977
41954
43004
0
['s', 249, 25, 161, 21, 157, 29, 165, 51, 221, 's', 'w', 's', 'd', 65, 'w', 17, 'd', 61, 117, 73, 177, 229, 91, 209, 111, 'a', 153, 142, 182, 140, 184, 106, 186, 72, 152, 38, 118, 40, 84, 74, 82, 76, 80, 78, 76.0, 80, 42.0, 82, 44.0, 84, 46.0, 118, 48.0, 152, 50.0, 186, 16.0]
Game 4
16219
17701
16949
18389
16344
16411
20113
16875
17071
17051
14263
14538
14906
14851
13936
18007
13512
17322
13484
18977
10661
10009
9895
9551
9447
12942
33768
42033
42552
0
['s', 'w', 23, 261, 27, 265, 19, 257, 31, 269, 'a', 'a', 'a', 'a', 'a', 221, 'd', 53, 225, 39, 137, 41, 147, 233, 139, 115, 63, 'd', 129, 246, 36, 212, 34, 178, 68, 144, 102, 110, 136, 108, 170, 106, 204, 72, 206, 70, 208, 68, 210, 34, 212, 0]
Game 5
16299
17116
18515
18014
15570
16914
20001
17257
16556
16671
13862
14205
14899
17462
14127
17065
13498
16768
15870
13643
14681
13194
13025
10888
10415
10166
10893
20081
25891
31205
31364
0
['s', 'w', 25, 263, 21, 259, 29, 267, 17, 255, 'd', 'd', 'd', 'd', 'd', 235, 's', 97, 65, 'w', 61, 231, 57, 227, 53, 223, 'a', 79, 147, 'a', 195, 212, 82, 210, 84, 176, 118, 142, 152, 108, 186, 74, 220, 72, 218, 70, 216, 68, 214, 34, 212, 36, 210, 38, 208, 40, 206, 42, 204, 44, 238, 46, 240, 48, 242, 50, 244, 16]
