Game 1
16329
17067
17900
18410
18384
15778
14881
15993
13880
23091
14112
13406
13149
12891
12495
12158
11585
11213
10439
9394
11898
26195
34224
0
['s', 'w', 23, 159, 61, 57, 19, 39, 'd', 11, 47, 215, 115, 31, 155, 221, 245, 171, 229, 91, 233, 179, 199, 280, 10, 282, 8, 284, 6, 250, 4, 252, 2, 254, 0, 220, 34, 186, 68, 184, 102, 182, 136, 148, 138, 114, 140, 112, 142, 110, 144, 108, 146, 106, 180, 72, 182, 38, 184, 36, 186, 34, 220, 0]
Game 2
15842
14992
16596
15467
16238
16103
16624
16677
18438
15849
17751
19895
14540
15976
14078
13895
13045
13673
18781
14371
19722
18817
26027
21470
18316
19750
21048
27138
28117
21880
38845
36312
43949
45202
0
[127, 'a', 191, 'w', 's', 'w', 's', 'd', 55, 'd', 131, 75, 99, 269, 17, 'w', 95, 'w', 21, 187, 25, 265, 29, 195, 'w', 59, 'd', 261, 'a', 147, 'd', 35, 'd', 63, 48, 144, 50, 142, 84, 108, 82, 74, 80, 72, 78, 70, 76, 36, 110, 38, 112, 40, 114, 42, 116, 44, 118, 46, 152, 48, 186, 50, 220, 16]
Game 3
16521
17310
18570
18117
19508
19193
20864
21422
17263
17752
15945
16394
16692
15753
16489
18127
26165
15713
16451
14640
14734
14915
14890
13374
13085
18012
12561
37593
24926
78408
103177
95115
1
['s', 3, 's', 'w', 's', 'w', 's', 263, 195, 227, 123, 'a', 91, 'w', 's', 'd', 163, 'd', 167, 177, 111, 233, 109, 1, 171, 5, 61, 7, 69, 9, 'w', 199, 178, 184, 180, 186, 182, 220, 184, 254, 186, 252, 220, 250, 254, 248, 288]
Game 4
16562
17074
18610
17968
19560
18968
20440
21539
18155
18352
16353
16806
15594
19688
16868
14113
13125
13535
13842
16761
12877
12233
12112
17478
28429
38621
38792
36552
37429
38797
35964
39861
42220
48149
49149
52769
53429
1
['s', 7, 's', 'w', 's', 'w', 's', 229, 195, 259, 159, 267, 'a', 107, 'd', 111, 'w', 39, 'w', 43, 21, 225, 129, 15, 215, 'a', 191, 'a', 187, 'a', 65, 's', 117, 'd', 'w', 'd', 263, 242, 8, 240, 10, 274, 44, 276, 78, 278, 112, 280, 114, 282, 116, 284, 150, 286, 184, 288, 218, 254, 252, 220, 254, 186, 288]
Game 5
15651
15629
16550
15766
17398
17425
16784
17293
17577
20788
18526
15615
18560
19129
14442
14069
13847
15046
14081
14864
13624
11741
16409
11357
26200
34885
63986
75598
0
[125, 'd', 's', 'w', 61, 'w', 's', 'w', 'd', 95, 129, 81, 149, 75, 143, 7, 181, 233, 179, 269, 'a', 43, 27, 5, 137, 1, 193, 107, 42, 146, 8, 148, 10, 182, 12, 216, 14, 218, 48, 184, 82, 150, 116, 82.0, 150, 48.0, 184, 14.0]
