Game 1
16346
17138
18824
18143
19225
19291
20630
21062
17338
19912
16872
19201
15541
23365
16867
17417
14705
18172
15242
22774
13026
11756
11592
17243
29156
30519
38984
63084
44704
78891
34414
84719
86308
97703
95528
0
['s', 3, 's', 'w', 's', 'w', 's', 229, 91, 225, 195, 265, 'd', 147, 'w', 79, 'a', 221, 'a', 215, 39, 1, 119, 199, 107, 'a', 63, 'w', 69, 'd', 27, 'd', 23, 'a', 31, 176, 110, 174, 112, 140, 78, 106, 44, 72, 46, 38, 48, 4]
Game 2
16156
17246
17754
17788
17989
18255
18425
18727
16831
17983
17516
14501
14954
14931
15408
15125
14244
15595
14053
14886
24061
12638
12191
14036
14968
16698
14375
33749
35184
40077
0
['s', 161, 's', 'w', 'a', 'a', 191, 157, 209, 187, 211, 's', 'd', 'd', 29, 165, 51, 269, 's', 'd', 99, 113, 19, 139, 61, 93, 7, 43, 85, 183, 108, 248, 74, 250, 76, 252, 42, 218, 8, 184, 10, 186, 44, 152, 46, 118, 48, 116, 82, 114, 80, 82, 114, 48, 148, 50, 150, 16]
Game 3
16470
16929
17423
17926
18300
18501
18916
18972
19428
19441
35860
20363
18975
18376
20766
15422
14250
27140
14164
13722
13627
13033
12800
12179
11926
11561
11441
16086
32089
66717
56293
80314
82335
0
['s', 159, 'd', 'w', 's', 'w', 's', 'w', 's', 'd', 's', 231, 27, 179, 127, 235, 'w', 109, 7, 243, 9, 91, 21, 141, 69, 223, 1, 189, 65, 'd', 3, 'a', 13, 148, 150.0, 114, 116.0, 80, 82.0, 78, 80.0, 76, 78.0, 42, 76.0, 8]
Game 4
16258
17190
18195
18257
15736
16791
18350
17002
15070
16070
14346
13911
14860
15178
13958
13908
20980
12727
12918
12110
12069
11306
11464
11061
12023
12716
28402
28700
29209
29922
30587
30597
0
['s', 'w', 25, 263, 21, 259, 29, 267, 17, 255, 'd', 'd', 'd', 'd', 's', 219, 199, 'a', 195, 'w', 151, 'a', 105, 47, 149, 95, 191, 91, 'a', 87, 'a', 3, 74, 210, 72, 208, 70, 206, 68, 172, 102, 174, 136, 140, 170, 106, 172, 108, 174, 110, 140, 112, 106, 114, 108, 116, 110, 82, 112, 48, 114, 50, 116, 16]
Game 5
15952
17341
17527
17793
18331
18560
19720
19303
20430
20356
20330
17476
16429
16501
14363
20114
14797
14904
13714
17535
11293
11916
10272
9189
15130
15177
17197
29551
29387
32119
32216
0
['s', 161, 's', 'w', 's', 'w', 'a', 'a', 's', 225, 191, 157, 207, 187, 129, 143, 181, 75, 213, 89, 133, 37, 233, 55, 'w', 19, 261, 'd', 195, 's', 25, 244, 106, 242, 104, 276, 70, 278, 36, 280, 34, 282, 0, 248, 2, 250, 4, 252, 6, 254, 40, 220, 42, 186, 76, 152, 110, 150, 144, 148, 146, 144.0, 148, 110.0, 182, 76.0, 216, 42.0, 218, 40.0, 220, 6.0]
