Game 1
16586
17438
17329
18375
18045
15877
17189
15867
15042
14539
19919
14243
14504
22164
16153
11936
19151
11452
11125
10605
9942
11109
13109
18368
26839
27306
30154
30204
1
['s', 'w', 23, 159, 27, 163, 53, 57, 31, 'a', 17, 43, 'a', 119, 155, 'w', 171, 's', 243, 227, 231, 75, 207, 105, 'a', 269, 'a', 265, 34, 246, 68, 248, 70, 250, 72, 252, 106, 218, 140, 184, 142, 150, 144, 148, 146, 144.0, 148, 142.0, 150, 108.0, 184, 74.0, 218, 72.0, 252, 70.0, 250, 68.0, 248, 34.0, 246, 36.0, 280]
Game 2
16364
17441
18679
18711
18574
15924
14865
15851
13736
23310
14134
13529
13320
12689
12360
11799
13569
18620
18605
12949
10410
26603
31158
31711
33919
34125
37004
37077
39998
40389
43732
44099
0
['s', 'w', 23, 159, 61, 57, 19, 39, 'd', 11, 163, 243, 37, 49, 31, 'w', 175, 119, 13, 123, 111, 109, 181, 's', 'w', 'd', 'a', 'd', 'a', 'w', 'a', 233, 2, 182, 0, 184, 34, 150, 68, 116, 102, 82, 104, 80, 106, 78, 108, 76, 74, 108, 76, 106, 78, 104, 112, 70, 146, 36, 148, 34, 150, 0]
Game 3
16538
17424
17926
17969
18837
16049
17096
16542
17780
14736
14254
13910
25952
13254
13436
12871
12235
11573
10748
9999
9589
9595
12518
28655
33052
35528
0
['s', 'w', 25, 161, 21, 157, 29, 165, 119, 221, 's', 'd', 133, 'a', 105, 201, 129, 125, 17, 55, 253, 89, 35, 93, 'd', 97, 80, 212, 82, 178, 84, 180, 118, 182, 116, 184, 114, 186, 112, 152, 110, 150, 108, 148, 106, 146, 140, 144, 142, 140.0, 144, 106.0, 146, 108.0, 148, 110.0, 150, 112.0, 152, 114.0, 186, 116.0, 184, 118.0, 182, 84.0, 216, 50.0, 250, 16.0]
Game 4
16098
17362
18492
17690
19047
18392
20016
21403
16329
18465
16211
18001
14772
16363
18616
20362
18339
19101
15252
17068
13513
12944
12727
12540
12400
18479
46107
48042
34672
55447
40832
55287
49491
56828
52286
55740
53577
59523
56456
54698
58059
0
['s', 97, 's', 'w', 's', 'w', 's', 261, 25, 265, 57, 257, 's', 'w', 's', 269, 'a', 209, 'w', 141, 21, 49, 17, 3, 93, 73, 115, 'a', 155, 'd', 113, 'd', 's', 'a', 'w', 'w', 'w', 'd', 29, 's', 181, 180, 108, 214, 74, 248, 76, 250, 78, 216, 44, 182, 42, 184, 40, 150, 38, 116, 72, 118, 106, 84, 140, 50, 138, 16]
Game 5
16451
14729
15253
14874
16100
14403
13981
14583
13209
15154
13492
18397
16341
15270
10787
10929
18119
13895
13494
13113
13736
13741
14317
14183
15367
15265
19640
23930
33730
35477
37113
38647
44433
45597
0
[127, 225, 89, 'd', 131, 23, 31, 'w', 123, 221, 85, 9, 27, 77, 213, 19, 145, 's', 261, 'a', 'a', 'a', 'a', 'a', 'a', 'w', 'a', 257, 's', 103, 'd', 173, 'd', 5, 72, 244, 74, 246, 76, 212, 110, 178, 108, 144, 106, 142, 104, 140, 138, 104, 140, 106, 174, 108, 208, 110, 210, 76, 212, 74, 246, 72, 244, 38, 242, 36, 240, 34, 238, 0]
