Game 1
47226
59262
66369
75484
72439
56885
53699
68592
80763
86712
77712
67322
91106
85756
142778
67186
142331
75555
127881
61312
125094
98371
137998
103671
142337
99211
129225
110079
107884
119469
151583
161546
189396
194620
1
['s', 'w', 25, 161, 55, 59, 29, 45, 15, 37, 'a', 'a', 'a', 19, 'd', 153, 225, 221, 211, 's', 'w', 'd', 'a', 141, 'a', 123, 65, 'w', 229, 'd', 233, 'd', 219, 149, 0, 284, 34, 286, 68, 288, 102, 254, 104, 220, 106, 186, 108, 152, 110, 118, 112, 116, 114, 112.0, 116, 110.0, 150, 108.0, 184, 106.0, 186, 104.0, 220, 70.0, 254, 36.0, 288]
Game 2
46485
64282
73326
73320
62255
63474
59946
59512
57254
55554
54943
57383
56216
54859
57501
56404
56769
62598
66850
89416
80636
79904
82103
85478
111893
116562
142207
159688
197138
229588
239326
260394
0
['s', 'w', 25, 263, 21, 259, 29, 267, 17, 255, 'd', 'd', 'd', 'd', 65, 235, 129, 163, 's', 'w', 61, 231, 57, 227, 53, 223, 179, 'd', 's', 'w', 'd', 115, 82, 150, 80, 116, 114, 82, 112, 80, 110, 78, 144, 76, 178, 74, 212, 72, 210, 70, 208, 68, 206, 34, 204, 36, 238, 38, 240, 40, 242, 42, 244, 44, 246, 46, 248, 48, 250, 50, 252, 16]
