Game 1
47346
62457
70062
79164
77114
60224
56435
68436
63821
80823
69638
67889
79716
79921
69072
67161
68879
69416
77109
76097
84421
86161
90366
105290
126720
114435
159969
176516
183817
218930
230558
152615
249904
107314
277888
353308
342396
345481
0
['s', 'w', 25, 161, 89, 59, 29, 'w', 177, 'd', 181, 's', 249, 'a', 'a', 'a', 's', 'w', 'd', 'w', 's', 'w', 's', 157, 75, 113, 85, 153, 'w', 97, 15, 133, 65, 199, 'w', 77, 's', 105, 144, 146.0, 112, 78.0, 80, 82.0, 84.0, 80.0, 118.0, 46.0, 116.0, 44.0, 114.0, 42.0, 148.0, 40.0, 182.0, 6.0]
Game 2
46832
61305
63236
78646
71029
69389
68643
68126
71820
72503
70205
82562
85470
104008
50729
117431
72388
153703
110408
141181
106813
80058
149816
127627
132926
132710
0
['s', 'w', 23, 159, 27, 163, 19, 155, 65, 269, 85, 'w', 47, 'w', 175, 173, 115, 255, 15, 259, 227, 263, 'a', 215, 'd', 199, 76, 212, 110, 214, 144, 248, 142, 246, 140, 244, 138, 242, 136, 240, 170, 206, 204, 172, 238, 170, 240, 136, 242, 102, 244, 104, 246, 106, 248, 72, 214, 38, 180, 36, 182, 34, 184, 0]
