Game 1
48027
65997
69780
74688
69060
68436
71415
63655
63172
65133
67070
71239
65675
65927
59415
65574
73112
65817
64100
69119
100912
71021
67990
135915
142096
146846
148224
0
['s', 'w', 23, 159, 27, 163, 53, 57, 31, 9, 17, 153, 'a', 259, 'a', 255, 105, 263, 'a', 267, 87, 167, 175, 'a', 223, 'a', 5, 240, 34, 238, 68, 204, 70, 170, 72, 172, 74, 174, 108, 140, 142, 106, 140, 108, 174, 74, 208, 72, 206, 70, 204, 68, 238, 34, 240, 36, 242, 38, 244, 4]
Game 2
46775
59809
65491
75169
62225
63784
60642
58612
58094
54417
54777
58729
57550
55663
58546
56511
59542
60407
67811
91565
85536
85727
81640
92309
106902
125468
149664
164138
1
['s', 'w', 25, 263, 21, 259, 29, 267, 17, 255, 'd', 'd', 'd', 'd', 65, 235, 129, 197, 's', 'w', 61, 231, 57, 227, 179, 77, 53, 223, 114, 218, 116, 184, 150, 116.0, 148, 150.0, 146, 148.0, 144, 146.0, 178, 144.0, 212, 110.0, 210, 76.0, 208, 74.0, 206, 72.0, 204, 70.0, 238, 68.0, 240, 34.0, 242, 36.0, 244, 38.0, 246, 40.0, 248, 42.0, 250, 44.0, 252, 46.0, 254, 48.0, 288]
