Game 1
46368
61608
66183
77644
74621
57663
54928
68881
81479
70000
104784
39571
115922
58804
133952
57362
103987
57696
91594
80844
106912
106978
129557
147270
0
['s', 'w', 25, 161, 55, 59, 29, 45, 'a', 5, 17, 133, 157, 'd', 165, 151, 3, 187, 213, 191, 197, 47, 265, 227, 6, 214, 8, 216, 10, 218, 12, 184, 14, 182, 16, 180, 50, 178, 84, 176, 118, 174, 116, 172, 114, 138, 148, 104, 146, 106, 144, 108, 142, 110, 140, 112, 138, 114, 172, 116, 174, 82, 176, 48, 178, 50, 212, 16]
Game 2
46965
65285
75814
76348
68218
66365
68360
66504
67322
66064
70587
92087
41325
97336
65600
117234
96391
138052
127028
162577
183101
197439
1
['s', 'w', 25, 161, 21, 157, 29, 165, 17, 187, 99, 201, 183, 59, 45, 123, 105, 91, 55, 15, 233, 35, 40, 212, 38, 178, 36, 176, 70, 174, 104, 172, 138, 104.0, 172, 70.0, 174, 72.0, 208, 106.0, 242, 108.0, 276]
