Game 1
46954
63643
75354
75142
71248
56370
57007
69883
80091
83141
82049
67591
83143
56291
48361
51827
74084
59452
96708
47616
91376
51480
66364
77862
76788
80532
78370
86837
83693
81509
78470
183951
189829
176987
178861
0
['s', 'w', 25, 161, 55, 59, 29, 45, 15, 37, 'a', 153, 'w', 157, 65, 87, 'a', 265, 165, 269, 199, 185, 'a', 'd', 'a', 'd', 's', 'd', 's', 'd', 69, 'w', 109, 'w', 81, 152, 102, 150, 136, 148, 138, 114, 104, 112, 106, 78, 108, 76, 74, 72.0, 76, 74.0, 110, 108.0, 144, 142.0, 146, 140.0, 148, 138.0, 150, 136.0, 152, 102.0, 186, 68.0, 220, 34.0, 254, 0.0]
Game 2
47123
60424
74533
71966
69869
59573
56054
67620
81572
94189
107005
36076
109656
65665
131683
72512
110024
85483
123011
82325
114329
101634
124620
153253
157869
0
['s', 'w', 23, 159, 61, 57, 19, 39, 'd', 11, 'w', 51, 87, 221, 31, 47, 245, 225, 229, 103, 215, 49, 265, 's', 173, 282, 8, 284, 6, 286, 4, 252, 2, 218, 0, 184, 34, 150, 36, 148, 38, 146, 72, 144, 70, 142, 68, 140, 102, 138, 136, 172, 170, 136, 172, 102, 138, 68, 140, 70, 174, 72, 176, 38, 178, 36, 180, 34, 182, 0]
