Game 1
46677
66600
73503
73233
63687
63739
60458
59978
57462
56015
54982
57829
57268
56058
60511
56293
58382
58888
75093
89942
80032
79600
78531
83368
110074
123738
150694
152325
168238
201388
214206
243143
0
['s', 'w', 25, 263, 21, 259, 29, 267, 17, 255, 'd', 'd', 'd', 'd', 65, 235, 129, 197, 's', 'w', 61, 231, 57, 227, 179, 223, 53, 'd', 'd', 'w', 's', 115, 82, 150, 80, 116, 114, 82, 112, 80, 110, 78, 144, 76, 178, 74, 212, 72, 210, 70, 208, 68, 206, 34, 204, 36, 238, 38, 240, 40, 242, 42, 244, 44, 246, 46, 248, 48, 250, 50, 252, 16]
Game 2
46994
61058
66274
64668
63034
63176
60917
59184
56686
55017
54837
58132
57214
54896
57133
56418
58892
56958
67547
87383
82556
81653
80169
90639
105185
123769
148806
155007
172282
200313
216643
243972
0
['s', 'w', 25, 263, 21, 259, 29, 267, 17, 255, 'd', 'd', 'd', 'd', 65, 235, 129, 197, 's', 'w', 61, 231, 57, 227, 179, 223, 53, 'd', 'd', 'w', 's', 115, 82, 150, 80, 116, 114, 82, 112, 80, 110, 78, 144, 76, 178, 74, 212, 72, 210, 70, 208, 68, 206, 34, 204, 36, 238, 38, 240, 40, 242, 42, 244, 44, 246, 46, 248, 48, 250, 50, 252, 16]
