Game 1
46466
59828
68260
77509
73743
57126
55575
71126
68209
71779
82864
98010
94623
54968
138476
71197
139877
70640
145025
126930
154010
119406
145919
127994
134595
0
['s', 'w', 25, 161, 55, 59, 29, 63, 17, 'd', 'a', 37, 'd', 45, 165, 235, 133, 113, 249, 35, 229, 267, 225, 217, 207, 282, 40, 280, 6, 278, 8, 276, 10, 274, 12, 240, 14, 206, 16, 172, 50, 174, 84, 176, 118, 178, 116, 180, 114, 182, 148, 184, 150, 186, 152, 150, 186, 148, 184, 114, 182, 80, 180, 82, 178, 84, 176, 50, 174, 16]
Game 2
46188
63129
69959
78861
71309
64634
69998
67447
67884
64860
71803
67880
50134
94798
62249
88237
66011
92983
82850
104103
114716
122241
1
['s', 'w', 25, 161, 21, 157, 29, 165, 17, 153, 99, 201, 95, 59, 77, 197, 15, 189, 35, 255, 205, 211, 40, 212, 74, 178, 108, 180, 142, 182, 144, 184, 146, 186, 148, 152, 150, 148.0, 152, 146.0, 186, 144.0, 184, 110.0, 182, 76.0, 180, 74.0, 178, 40.0, 212, 42.0, 246, 44.0, 280]
