Game 1
46559
69514
62278
76585
65019
67925
71907
68425
68590
62773
87945
93811
39595
100384
65152
125368
65859
144312
78086
143581
136002
162830
160363
1
['s', 'w', 23, 159, 27, 163, 19, 155, 31, 201, 85, 255, 105, 57, 'd', 61, 39, 133, 111, 197, 1, 97, 113, 212, 46, 178, 48, 180, 82, 182, 84, 184, 118, 150, 116, 148, 114, 116, 148, 118, 150, 84, 184, 82, 182, 80, 180, 78, 178, 76, 212, 110, 246, 108, 280]
Game 2
47447
60485
67267
77906
72700
57579
56855
70392
82944
81045
78425
62919
86624
56565
51753
49090
81715
80662
88185
69228
96816
66153
87641
89133
90443
87467
88054
91859
92759
98116
99460
103682
104350
109421
110823
116261
116947
122184
123093
128827
129734
134824
136831
142937
144294
1
['s', 'w', 25, 161, 55, 59, 29, 45, 15, 37, 'a', 153, 'w', 157, 65, 19, 165, 235, 'a', 231, 227, 263, 209, 'd', 259, 'd', 'a', 's', 'a', 'a', 's', 'a', 's', 'a', 's', 'a', 'd', 'a', 'd', 'w', 'd', 'd', 'd', 'w', 107, 174, 144, 176, 146, 178, 148, 180, 150, 182, 152, 184, 186, 152, 184, 118, 182, 116, 180, 114, 178, 112, 176, 78, 174, 76, 208, 74, 242, 72, 240, 106, 274]
