Game 1
47302
59157
65949
76571
61696
63940
60990
60086
56496
55786
54434
57885
58566
55618
57767
61226
57965
73308
58843
58033
59038
63482
77347
70192
62997
94212
111596
126325
142274
0
['s', 'w', 25, 263, 21, 259, 29, 267, 17, 255, 'd', 'd', 'd', 'd', 's', 'w', 65, 167, 61, 163, 57, 159, 53, 107, 181, 217, 'a', 75, 71, 250, 112, 248, 146, 214, 144, 180, 142, 178, 108, 176, 74, 174, 72, 140, 106, 138, 140, 104, 174, 70, 208, 68, 242, 34, 244, 36, 246, 38, 248, 40, 250, 42, 216, 44, 182, 46, 184, 48, 218, 50, 252, 16]
Game 2
46288
61337
65277
65416
63383
64346
58820
58345
57621
56717
55509
58656
56209
57539
58611
62416
63921
73959
57195
59895
60646
63451
73825
77329
77360
115835
153561
159783
1
['s', 'w', 25, 263, 21, 259, 29, 267, 17, 255, 'd', 'd', 'd', 'd', 's', 'w', 65, 167, 61, 163, 57, 159, 53, 219, 139, 183, 71, 123, 114, 214, 148, 212, 146, 210, 144, 208, 142, 206, 140, 172, 174, 138, 208, 104, 242, 70, 244, 68, 246, 34, 248, 36, 250, 38, 252, 40, 218, 42, 184, 44, 186, 46, 220, 48, 254, 50, 288]
