Game 1
46542
65834
75345
63098
63299
63043
60523
59144
57055
54831
54320
58719
57460
56244
58336
56033
56243
58935
71763
88239
81169
84937
77601
86581
104601
123280
148596
155758
172492
210587
218094
240882
0
['s', 'w', 25, 263, 21, 259, 29, 267, 17, 255, 'd', 'd', 'd', 'd', 65, 235, 129, 197, 's', 'w', 61, 231, 57, 227, 179, 223, 53, 'd', 's', 'w', 'd', 115, 82, 150, 80, 116, 114, 82, 112, 80, 110, 78, 144, 76, 178, 74, 212, 72, 210, 70, 208, 68, 206, 34, 204, 36, 238, 38, 240, 40, 242, 42, 244, 44, 246, 46, 248, 48, 250, 50, 252, 16]
Game 2
46458
59311
61758
72585
69355
58568
57590
68745
78866
86037
82902
62789
87856
57400
47152
54567
72042
59948
96571
48194
91940
52864
58163
106158
107124
112985
115648
127615
129245
0
['s', 'w', 23, 159, 61, 57, 19, 39, 1, 47, 'd', 167, 'w', 163, 51, 97, 'd', 259, 155, 255, 189, 105, 171, 'a', 'd', 'a', 241, 'w', 43, 206, 48, 240, 82, 238, 84, 204, 118, 170, 116, 136, 114, 102, 112, 68, 110, 70, 108, 72, 106, 140.0, 72, 106.0, 70, 108.0, 104, 110.0, 138, 112.0, 136, 114.0, 170, 116.0, 204, 118.0, 238, 84.0, 240, 50.0, 206, 16.0]
