Game 1
47753
62168
64833
76153
65785
68662
70890
69221
69078
63643
82679
94928
39921
100898
56213
86817
70765
104306
86123
104670
115822
123310
1
['s', 'w', 23, 159, 27, 163, 19, 155, 31, 201, 85, 221, 105, 197, 193, 57, 39, 225, 109, 129, 269, 133, 44, 212, 78, 210, 112, 208, 110, 174, 144, 176, 146, 178, 148, 180, 150, 182, 184, 186.0, 182, 152.0, 180, 150.0, 178, 148.0, 176, 146.0, 174, 144.0, 208, 110.0, 210, 76.0, 212, 74.0, 246, 108.0, 280]
Game 2
47170
59582
72399
76329
64505
68806
72189
71685
70187
62800
79720
89820
38235
97803
48550
94706
58629
99075
71178
100739
99264
104281
116666
114732
1
['s', 'w', 23, 159, 27, 163, 19, 155, 31, 'a', 119, 167, 123, 91, 73, 59, 251, 255, 1, 171, 95, 259, 'd', 211, 46, 242, 80, 240, 82, 238, 116, 204, 150, 170, 148, 136, 146, 138, 144, 140, 142, 144.0, 140, 110.0, 138, 112.0, 136, 114.0, 170, 116.0, 204, 82.0, 238, 48.0, 240, 46.0, 206, 44.0, 172, 42.0, 174, 40.0, 176, 38.0, 178, 72.0, 212, 70.0, 246, 68.0, 280]
