Game 1
47089
60317
66922
73948
63134
62941
60894
59132
58446
55175
53866
57034
55935
56414
57427
57029
59584
74680
69526
68997
75871
73944
87814
92746
66031
103365
111337
118949
130657
1
['s', 'w', 25, 263, 21, 259, 29, 267, 17, 255, 'd', 'd', 'd', 'd', 's', 'w', 65, 201, 61, 197, 57, 193, 53, 189, 119, 141, 'a', 77, 171, 250, 112, 248, 146, 246, 144, 244, 110, 242, 108, 240, 106, 238, 140, 204, 138, 170, 136, 138, 170, 140, 204, 106, 238, 72, 240, 70, 242, 68, 244, 34, 246, 36, 248, 38, 250, 40, 252, 42, 254, 44, 288]
Game 2
45979
63923
74506
76536
73887
56752
57010
68249
83288
79847
80414
62223
94572
84722
101452
90060
128909
113212
128150
88822
139624
90673
178428
180853
189492
1
['s', 'w', 25, 161, 55, 59, 29, 45, 15, 37, 'a', 119, 107, 19, 'w', 155, 65, 137, 91, 113, 193, 263, 211, 'd', 143, 250, 4, 284, 2, 282, 0, 280, 34, 278, 68, 244, 102, 210, 104, 208, 106, 174, 72, 176, 74, 142, 76, 108, 78, 110, 112, 78, 110, 76, 108, 74, 142, 72, 176, 106, 174, 104, 208, 70, 242, 36, 276]
