Game 1
47319
67410
67577
78061
73368
58113
56895
70739
82564
80725
74965
59578
85518
57718
48203
53432
78038
82750
90358
70877
98145
61859
73589
84719
88283
117932
122108
130456
130398
136344
136448
140403
140406
0
['s', 'w', 25, 161, 55, 59, 29, 45, 15, 37, 'a', 153, 'w', 157, 65, 19, 165, 201, 'a', 197, 193, 'a', 209, 's', 257, 133, 'a', 'a', 'a', 'a', 's', 'a', 247, 238, 68, 204, 102, 170, 136, 172, 138, 174, 140, 176, 142, 178, 144, 180, 146, 182, 148, 184, 150, 186, 152, 150, 186, 148, 184, 114, 182, 112, 180, 110, 178, 108, 176, 106, 174, 104, 208, 70, 242, 36, 240, 34, 238, 0]
Game 2
46121
59165
71533
78274
77123
57433
56038
68158
83191
83802
78782
66345
85475
58859
48774
51713
77156
85822
92550
72881
101213
62028
100261
104963
107704
109350
109621
1
['s', 'w', 25, 161, 55, 59, 29, 45, 15, 37, 'a', 153, 'w', 157, 65, 87, 165, 201, 'a', 197, 193, 247, 209, 'a', 259, 'd', 35, 280, 2, 278, 0, 276, 34, 274, 68, 240, 102, 206, 136, 172, 138, 174, 140, 176, 142, 178, 144, 180, 146, 182, 148, 184, 150, 186, 152, 118.0, 186, 116.0, 184, 114.0, 182, 112.0, 180, 110.0, 178, 108.0, 176, 106.0, 174, 104.0, 208, 102.0, 242, 68.0, 240, 34.0, 274]
