Game 1
16780
17364
17350
17585
18264
18754
19959
18044
16916
16882
15655
15929
15525
21906
15892
13950
13355
12352
11795
10918
10691
10582
12439
23928
18998
23308
27227
28014
28947
30441
30668
1
['s', 89, 's', 'w', 's', 'w', 93, 125, 61, 163, 'd', 261, 'd', 167, 'a', 111, 51, 97, 55, 183, 141, 5, 209, 49, 265, 'd', 215, 'w', 257, 'd', 131, 216, 114, 250, 116, 252, 118, 286, 84, 284, 50, 282, 16, 280, 14, 278, 48, 276, 82, 274, 80, 272, 78, 238, 76, 204, 74, 170, 72, 136, 70, 102, 104, 68, 138, 70, 172, 72, 206, 74, 240, 76, 238, 42, 272]
Game 2
16160
17407
17739
20162
16908
16623
18162
16932
17132
15922
14163
14874
14746
15073
13589
13908
23743
13749
16649
12430
11930
11906
10687
9959
8913
8954
17486
20858
22196
23748
0
['s', 'w', 23, 261, 27, 265, 19, 257, 31, 269, 'a', 'a', 'a', 'a', 's', 'a', 51, 'd', 55, 123, 181, 119, 59, 127, 97, 113, 213, 83, 'd', 199, 76, 208, 78, 174, 80, 176, 46, 178, 48, 180, 50, 214, 84, 248, 118, 250, 152, 216, 186, 218, 220, 186, 254, 152, 252, 118, 250, 84, 248, 50, 214, 48, 180, 46, 178, 44, 212, 42, 246, 40, 244, 38, 242, 36, 240, 34, 238, 0]
Game 3
16311
17413
17945
18616
18046
17323
14705
16244
13671
24460
14060
13330
12485
12111
11775
11697
11408
11265
13027
15284
13620
32596
34855
0
['s', 'w', 25, 161, 55, 59, 29, 45, 'a', 5, 17, 99, 115, 3, 111, 35, 179, 91, 247, 165, 235, 191, 177, 244, 6, 210, 8, 208, 10, 206, 12, 172, 14, 138, 16, 104, 50, 70, 84, 72, 82, 74, 80, 76, 114, 78, 112, 146.0, 78, 112.0, 76, 114.0, 74, 80.0, 72, 46.0, 106, 48.0, 140, 50.0, 174, 16.0]
Game 4
16305
17283
17742
18533
15104
17015
19665
16839
16824
16335
13893
15062
15211
15145
13698
13918
22836
13858
16552
12426
11894
11154
10065
10511
9609
9053
9379
9334
23055
26369
1
['s', 'w', 25, 263, 21, 259, 29, 267, 17, 255, 'd', 'd', 'd', 'd', 's', 'd', 65, 'a', 61, 81, 57, 129, 's', 125, 53, 121, 85, 143, 245, 217, 112, 216, 110, 214, 108, 212, 106, 210, 104, 176, 102, 142, 136, 140, 170, 138, 204, 136, 206, 102, 208, 104, 210, 106, 212, 72, 178, 70, 180, 68, 182, 34, 184, 36, 218, 38, 252, 40, 254, 42, 288]
Game 5
16257
17416
17971
18465
19101
16252
14687
15542
13764
23240
14078
13483
12917
11828
11245
10999
10830
10520
11939
20159
9655
27969
26502
0
['s', 'w', 23, 159, 61, 57, 19, 39, 'd', 11, 65, 51, 87, 119, 137, 15, 111, 175, 243, 155, 255, 163, 93, 212, 10, 178, 8, 180, 6, 182, 4, 184, 2, 150, 0, 116, 34, 82, 36, 80, 38, 78, 72, 76, 70, 74, 68, 108, 102, 106, 104, 102.0, 106, 68.0, 108, 70.0, 74, 72.0, 76, 38.0, 78, 36.0, 80, 34.0, 114, 0.0]
