Game 1
15665
17087
18294
18447
17960
16636
15031
16154
13811
28396
12919
12405
14813
12585
15644
16738
12398
15658
9431
9870
18594
20516
20937
21174
21892
22396
0
['s', 'w', 25, 161, 55, 59, 29, 45, 17, 51, 247, 113, 227, 235, 181, 265, 209, 217, 189, 75, 259, 's', 'a', 'a', 'w', 245, 8, 276, 10, 274, 12, 240, 14, 206, 16, 204, 50, 170, 84, 172, 118, 174, 152, 176, 186, 210, 184, 212, 182, 214, 216, 248, 250, 216, 248, 182, 214, 148, 180, 114, 178, 80, 176, 46, 174, 48, 172, 50, 170, 16]
Game 2
16087
17423
18424
18078
19697
18999
20805
22053
17008
18963
17307
16485
16557
16933
16394
21418
15778
18737
14482
15658
12883
12828
13097
11471
11112
11669
11644
19967
40207
42303
42247
43813
45712
55530
56611
1
['s', 49, 's', 'w', 's', 'w', 's', 261, 23, 229, 195, 'd', 199, 143, 'w', 75, 'd', 269, 'd', 265, 'w', 'a', 211, 43, 185, 89, 99, 57, 115, 'd', 163, 'd', 93, 'd', 29, 252, 46, 254, 44, 220, 10, 186, 8, 152, 6, 150, 4, 184, 38, 182, 72, 180, 70, 178, 104, 144, 138, 110, 172, 112, 206, 114, 240, 80, 274]
Game 3
15891
17400
18873
18170
19376
19084
20886
21827
17596
17668
16860
17454
22031
15831
15332
13525
12990
15700
14327
14347
10173
10089
10292
14493
15389
17309
17526
18795
18699
24365
24667
21153
20159
19758
19645
19747
19185
28335
27818
29151
28857
27491
28109
32109
36530
47868
46927
48410
47314
46433
32575
131537
135490
153505
160032
1
['s', 37, 's', 'w', 's', 'w', 's', 227, 193, 145, 25, 189, 213, 125, 205, 75, 43, 255, 'a', 121, 'a', 1, 'a', 13, 'a', 'a', 'w', 'a', 'd', 's', 'd', 's', 'w', 'd', 45, 'd', 'w', 'd', 'd', 'w', 'd', 'w', 's', 'w', 147, 's', 's', 'w', 'd', 'w', 97, 'w', 21, 'w', 117, 78, 146, 112, 180, 114, 214, 148, 248, 182, 282]
Game 4
15711
17432
17961
17746
17749
15877
16187
15609
16978
14241
20561
13260
12341
10600
10549
10178
9360
10089
9768
8338
11445
22733
24625
25297
1
['s', 'w', 25, 161, 21, 157, 29, 165, 17, 153, 99, 201, 95, 'w', 173, 197, 51, 59, 77, 187, 15, 227, 'a', 213, 74, 178, 108, 180, 142, 182, 144, 184, 146, 186, 148, 152, 150, 148.0, 152, 146.0, 186, 144.0, 184, 110.0, 182, 76.0, 180, 74.0, 178, 40.0, 212, 42.0, 210, 44.0, 208, 46.0, 242, 80.0, 276]
Game 5
16176
17393
16722
17618
16365
16824
16858
16346
17113
17228
16738
17093
17102
18214
28124
18329
17666
18348
17801
16421
18120
16669
17166
17074
16957
14729
20983
14257
14134
16651
17052
28178
24262
13355
11481
17168
44331
55155
33901
51870
48903
53992
53234
0
['s', 159, 's', 'd', 231, 'a', 'd', 'w', 's', 261, 's', 'w', 's', 'd', 'sa', 213, 59, 257, 63, 'w', 21, 211, 'w', 267, 'a', 'd', 31, 'w', 's', 205, 'w', 187, 'd', 145, 249, 83, 55, 'a', 75, 'w', 17, 'a', 133, 144, 176, 142, 174, 108, 140, 74, 142, 72, 144, 70, 110, 36, 112, 38, 146, 40, 180, 42, 214, 8]
