Game 1
16829
17521
17363
17877
18353
18663
19784
18896
17414
16835
17769
17477
16687
15057
13985
19585
11945
10639
11127
13918
12250
12242
13156
18859
24553
25254
25792
1
['s', 123, 's', 'w', 's', 'w', 195, 127, 97, 77, 'a', 119, 215, 57, 145, 53, 229, 35, 225, 105, 175, 89, 189, 153, 65, 'd', 267, 212, 110, 210, 76, 176, 74, 142, 72, 140, 70, 174, 104, 172, 102, 170, 68, 204, 34, 238, 0, 272, 2, 274, 36, 276, 38, 278, 40, 280, 42, 282, 44, 284, 78, 286, 112, 288, 114, 254, 148, 220, 182, 186, 216, 152, 250, 118, 252, 84, 254, 82, 288]
Game 2
16059
17338
17985
18016
17808
16359
16654
16138
16653
14775
14574
13887
14788
12651
25131
13087
12578
12078
11286
12070
12588
9837
19632
31072
33277
35605
0
['s', 'w', 25, 161, 21, 157, 29, 165, 51, 255, 's', 'w', 133, 'a', 17, 259, 61, 151, 47, 263, 113, 177, 195, 267, 'a', 217, 108, 176, 142, 174, 140, 172, 138, 104.0, 172, 70.0, 206, 72.0, 240, 74.0, 242, 76.0, 244, 78.0, 246, 80.0, 212, 114.0, 214, 116.0, 216, 82.0, 182, 48.0, 184, 50.0, 218, 16.0]
Game 3
16572
14747
14772
15609
16335
14059
14444
15248
14725
15622
15251
16095
22936
14903
23168
14434
14151
14365
13353
14948
13443
13687
14111
20661
16955
14348
13335
25841
12497
12094
18423
21056
24595
50116
52741
54966
54681
1
[127, 159, 'd', 131, 121, 'w', 's', 'w', 's', 'w', 's', 'a', 175, 'd', 179, 109, 55, 81, 'w', 77, 'w', 's', 'd', 13, 'a', 41, 'w', 255, 211, 225, 217, 243, 249, 's', 149, 's', 181, 246, 8, 248, 6, 214, 40, 180, 38, 146, 36, 148, 70, 182, 104, 216, 102, 250, 136, 284, 170, 286, 204, 252, 238, 218, 240, 184, 242, 150, 276]
Game 4
15953
17508
17572
17585
18310
18169
18853
24815
16313
16826
16317
15431
18488
19107
21964
22654
20741
15821
25565
17255
21595
18087
15751
16081
15832
15207
19555
20813
28345
32304
32161
1
['s', 159, 'd', 'w', 's', 'w', 27, 95, 'a', 265, 's', 'w', 'd', 'd', 111, 163, 99, 269, 179, 261, 197, 209, 155, 189, 119, 221, 123, 257, 91, 'd', 87, 184, 146, 218, 148, 252, 150, 250, 184, 248, 218, 246, 252, 212, 250, 178, 248, 176, 246, 174, 212, 172, 178, 170, 176, 136, 174, 138, 172, 140, 170, 142, 204, 144, 206, 110, 208, 108, 242, 106, 240, 104, 238, 102, 272]
Game 5
16388
17700
17697
17840
18305
15481
15093
15980
13725
22088
14078
14140
13536
13202
12692
12646
12099
11979
21115
17538
12842
24886
26472
28612
29929
0
['s', 'w', 23, 159, 61, 57, 19, 39, 'd', 11, 'w', 187, 47, 37, 109, 99, 243, 43, 175, 257, 105, 207, 15, 'w', 179, 246, 8, 248, 6, 214, 4, 180, 2, 146, 0, 112, 34, 110, 68, 76, 102, 74, 136, 108, 170, 142, 172, 140, 174, 208.0, 140, 174.0, 106, 172.0, 108, 138.0, 74, 104.0, 76, 70.0, 110, 36.0, 144, 34.0, 146, 0.0]
