Game 1
16320
17230
17557
17556
18385
17897
18962
19399
19081
19455
36197
20406
18978
18293
19813
16710
17601
17012
15792
22386
12204
11834
10771
10429
10683
10941
19061
17671
39215
40590
40813
1
['s', 159, 'd', 'w', 's', 'w', 's', 'w', 's', 'd', 's', 229, 59, 181, 163, 225, 205, 173, 123, 153, 105, 111, 75, 119, 79, 115, 63, 15, 151, 'sa', 83, 178, 180, 176, 178, 174, 176, 140, 174, 142, 140, 144, 142, 110, 144, 76, 110, 78, 76, 112, 78, 146, 112, 148, 146, 114, 148, 80, 114, 82, 80, 116, 82, 150, 116, 184, 150, 218, 184, 220, 218, 186, 252, 152, 286]
Game 2
17225
17278
18500
18206
19372
18897
20221
20848
35912
20303
18799
18253
19263
16881
19444
15842
16607
27623
22120
14872
24845
15671
22222
20078
16808
30937
11799
11555
11222
16064
33657
36117
23587
74638
93316
118879
91531
0
['s', 69, 's', 'w', 's', 'w', 's', 'w', 's', 227, 23, 179, 159, 209, 121, 223, 'wa', 173, 'a', 'a', 'w', 'a', 'a', 153, 51, 111, 1, 129, 3, 267, 5, 'w', 9, 'd', 11, 'a', 89, 142, 140, 108, 142, 110, 108, 76, 110, 78, 76, 44, 78, 10]
Game 3
16320
17298
18305
18385
18963
15148
14793
16059
13951
22570
14084
13399
12556
12151
11872
12272
11948
11438
13217
11261
22378
20996
48309
52015
49628
52154
52925
56503
56757
60880
62809
66378
66889
72702
73653
0
['s', 'w', 23, 159, 61, 57, 19, 39, 'd', 11, 231, 85, 15, 219, 107, 29, 121, 241, 99, 43, 'w', 147, 'a', 'a', 'a', 'w', 'a', 'a', 'a', 'a', 'a', 'a', 187, 'd', 153, 208, 34, 174, 68, 140, 70, 138, 72, 136, 106, 102, 104, 106.0, 102, 72.0, 136, 38.0, 138, 36.0, 140, 34.0, 174, 0.0]
Game 4
16348
17333
17634
18319
18335
16185
15102
15548
13722
24082
14050
13997
13617
13282
12634
11709
11438
11014
10835
10854
19388
25393
47401
33682
35192
0
['s', 'w', 25, 161, 55, 59, 29, 45, 'a', 5, 'w', 133, 157, 231, 99, 35, 71, 267, 181, 103, 111, 129, 85, 'a', 175, 242, 8, 208, 10, 174, 12, 172, 14, 138, 16, 140, 50, 106, 84, 72, 82, 74, 80, 76, 114, 78, 112, 114, 78, 80, 76, 46, 110, 48, 144, 50, 142, 16]
Game 5
16086
17076
18979
18071
19522
19134
20459
20974
36349
20578
19269
18447
17717
22793
19420
20650
15825
16040
14007
13718
12918
12433
12156
11745
11468
15827
40161
53934
23266
51204
50877
62303
68618
109585
128415
0
['s', 39, 's', 'w', 's', 'w', 's', 'w', 's', 229, 23, 225, 'd', 181, 93, 221, 'w', 113, 11, 59, 117, 219, 53, 121, 1, 103, 125, 'ds', 267, 'w', 'w', 'wa', 139, 'a', 107, 74, 110, 40, 108, 42, 74, 44, 76, 10]
