Game 1
16776
17555
18062
17166
18316
16118
16918
16394
15073
14652
13779
20668
13084
13024
18009
12506
18310
10929
10345
10023
9688
16436
15719
31167
38219
38744
1
['s', 'w', 23, 159, 27, 163, 53, 57, 31, 43, 17, 153, 'a', 'w', 175, 257, 243, 171, 183, 195, 47, 's', 261, 107, 'a', 189, 36, 248, 34, 250, 68, 252, 70, 218, 72, 184, 74, 150, 108, 116, 142, 114, 144, 112, 146, 110, 148, 76, 150, 74, 184, 72, 218, 70, 252, 68, 286]
Game 2
15979
14213
14105
13949
14731
14572
15713
15209
15047
15750
15604
16135
15385
16751
16009
22693
14994
18100
14802
15001
13976
13709
13905
13590
18025
12419
11028
10484
12387
20087
76410
82585
84729
1
[127, 225, 261, 267, 's', 'd', 95, 'w', 's', 'w', 'a', 'w', 's', 'w', 'a', 221, 's', 229, 'd', 215, 91, 243, 99, 147, 145, 123, 87, 41, 17, 51, 103, 's', 177, 214, 140, 212, 138, 178, 104, 144, 106, 142, 108, 176, 110, 174, 112, 172, 114, 170, 148, 136, 182, 102, 216, 68, 250, 70, 252, 72, 254, 38, 288]
Game 3
16266
17350
17600
17718
19441
15479
14964
16173
13893
24100
14057
13463
12647
12079
11925
11352
10818
10413
10244
10137
10673
27697
31757
0
['s', 'w', 23, 159, 61, 57, 19, 39, 'd', 11, 167, 85, 81, 149, 155, 103, 231, 117, 13, 31, 227, 241, 179, 248, 10, 250, 8, 252, 6, 218, 4, 216, 2, 182, 0, 148, 34, 114, 68, 112, 70, 110, 72, 108, 106, 104.0, 140, 106.0, 142, 72.0, 144, 38.0, 146, 36.0, 180, 34.0, 214, 0.0]
Game 4
16255
17389
17845
18016
15761
16829
19043
15850
16422
16754
14337
14624
15529
17168
13875
17176
13422
17287
16232
13674
17550
13778
12903
10788
10710
9959
10963
27953
38179
0
['s', 'w', 23, 261, 27, 265, 19, 257, 31, 269, 'a', 'a', 'a', 'a', 'a', 221, 's', 87, 51, 'w', 55, 225, 59, 229, 63, 233, 157, 173, 83, 174, 72, 176, 74, 178, 108, 144, 142, 146, 144, 148, 178, 150, 212, 152, 214, 118, 216, 84, 218, 50, 220, 48, 254, 46, 252, 44, 250, 42, 248, 40, 246, 38, 244, 36, 242, 34, 240, 0]
Game 5
16281
14169
14990
14696
15757
14472
13672
14912
13386
14890
13390
16187
13660
15145
11308
13318
9365
11136
11410
13113
21130
21456
24613
24567
0
[127, 259, 55, 'd', 131, 23, 99, 'w', 123, 255, 119, 9, 95, 19, 91, 201, 231, 71, 61, 263, 'a', 147, 'a', 35, 2, 246, 0, 212, 34, 214, 68, 216, 102, 182, 104, 148, 70, 150, 36, 152, 38, 118, 40, 116, 42, 114, 76, 112, 74, 110, 72, 108, 106, 72, 108, 74, 110, 76, 112, 78, 114, 80, 116, 82, 118, 48, 152, 14]
