Game 1
16533
14795
14043
14387
14755
14323
16817
13021
14156
13456
14616
14202
15601
15584
15614
14781
16861
15505
19093
16301
19053
15802
23452
14684
14745
14201
13881
13810
26850
19117
25624
26961
28267
28371
29962
30696
36471
37690
41796
42487
0
[125, 197, 263, 257, 87, 'd', 249, 'a', 's', 'a', 's', 'w', 's', 'a', 'd', 'w', 's', 'w', 's', 'w', 121, 'a', 137, 'd', 93, 179, 107, 159, 187, 79, 5, 147, 'w', 41, 'w', 9, 'a', 131, 'a', 139, 74, 174, 40, 208, 6, 242, 8, 244, 42, 246, 76, 248, 78, 214, 44, 216, 46, 218, 80, 184, 114, 150, 116, 152, 118, 84.0, 152, 50.0, 186, 16.0]
Game 2
16339
17439
17906
19440
18426
15982
18257
15472
14264
14306
12888
13012
12629
12411
11836
11476
11560
11285
9786
8840
9229
24531
26600
0
['s', 'w', 25, 161, 89, 57, 29, 43, 17, 5, 'a', 133, 3, 263, 109, 177, 165, 115, 53, 255, 79, 123, 231, 244, 6, 210, 8, 176, 10, 142, 12, 140, 14, 138, 16, 104, 50, 70, 48, 72, 46, 74, 44, 76, 78, 110, 112, 78, 110, 44, 76, 46, 74, 48, 72, 50, 70, 16]
Game 3
17430
17335
18294
18104
18260
16757
14865
15794
13641
22194
12873
12544
12551
11988
11568
11302
11657
11505
11442
11177
21989
23650
51479
38022
39966
0
['s', 'w', 25, 161, 55, 59, 29, 45, 19, 51, 245, 5, 81, 63, 165, 113, 'a', 201, 91, 193, 'w', 265, 197, 'w', 209, 210, 8, 244, 10, 278, 12, 276, 14, 242, 16, 208, 50, 174, 84, 176, 118, 178, 152, 180, 186, 182, 184, 186.0, 182, 152.0, 180, 118.0, 178, 84.0, 176, 50.0, 174, 16.0]
Game 4
16505
17349
18247
17643
17509
16400
16854
16378
17250
14384
22911
13151
12568
10610
10011
9706
9061
8447
14458
9284
24224
26852
1
['s', 'w', 25, 161, 21, 157, 29, 165, 17, 153, 99, 201, 95, 231, 265, 57, 91, 7, 11, 127, 171, 211, 44, 212, 78, 178, 76, 180, 74, 182, 72, 184, 106, 186, 140, 152, 142, 118, 144, 116, 146, 114, 148, 112, 150, 110, 152, 108, 186, 106, 184, 72, 182, 74, 216, 76, 218, 78, 252, 80, 286]
Game 5
16878
17204
18377
18239
19232
19286
20708
20458
17150
17808
16480
18237
15484
15708
26461
14230
13130
13377
12305
11680
11524
11888
16829
20236
34613
55990
43144
78217
70969
91009
97582
1
['s', 149, 's', 'w', 's', 'w', 's', 263, 195, 225, 123, 267, 's', 177, 215, 145, 119, 255, 127, 73, 'w', 155, 3, 1, 7, 's', 11, 'a', 49, 's', 31, 280, 142, 282, 176, 284, 210, 286, 208, 288, 206, 254, 240, 220, 242, 186, 276]
