Game 1
16183
14768
13967
14531
16515
14087
14128
14484
13438
15931
13316
13242
15959
14233
10955
10920
10031
10289
9499
8625
8819
8452
9173
18641
24740
32956
32802
0
[127, 191, 21, 'd', 131, 25, 65, 'a', 'a', 3, 51, 201, 143, 29, 151, 255, 'd', 259, 263, 217, 'd', 55, 'd', 245, 11, 'd', 157, 284, 14, 250, 16, 216, 50, 214, 48, 212, 46, 210, 80, 208, 114, 206, 112, 172, 110, 138, 108, 104, 142, 70, 140, 72, 138, 74, 172, 76, 206, 78, 208, 80, 210, 46, 212, 48, 246, 50, 248, 16]
Game 2
16351
17418
17828
18671
17713
16361
16805
16493
15535
15352
13342
19422
11488
11071
11132
11142
10773
10089
10141
9955
10480
14435
44376
56176
57516
0
['s', 'w', 25, 161, 21, 157, 63, 59, 51, 41, 31, 49, 91, 1, 'd', 137, 121, 191, 177, 13, 'a', 107, 205, 'a', 241, 210, 44, 208, 46, 206, 12, 240, 10, 274, 8, 272, 6, 238, 4, 204, 2, 170, 36, 136, 38, 102, 72, 68, 106, 70, 104, 72, 102, 38, 136, 36, 170, 2]
Game 3
16063
16848
17663
17914
18569
18386
19161
20177
17827
19938
16894
16332
17628
18934
25273
22486
20460
22730
20622
20049
18928
24459
19939
25020
20743
28129
29623
29561
26896
22770
26921
26014
21398
70527
44941
49148
30687
35424
33467
31892
31869
115765
120280
208511
234680
0
['s', 161, 's', 'w', 's', 'w', 177, 109, 181, 113, 'w', 's', 245, 41, 247, 45, 'w', 23, 'd', 'w', 'w', 'd', 'd', 's', 's', 'd', 29, 63, 'd', 235, 'd', 265, 's', 269, 199, 'w', 's', 'd', 99, 'd', 117, 'w', 115, 'a', 251, 182, 152, 148, 186, 114, 220, 80, 218, 82, 216, 84, 250, 50, 248, 16]
Game 4
16241
17293
17359
17970
18428
16922
15047
15651
13754
18885
12878
12526
12688
12168
11701
11453
11235
10865
10770
29107
15888
38770
50343
50699
59068
59502
0
['s', 'w', 25, 161, 55, 59, 29, 45, 19, 51, 117, 'd', 109, 189, 113, 235, 249, 131, 229, 243, 211, 175, 'a', 's', 'w', 65, 8, 280, 10, 278, 12, 244, 14, 210, 16, 176, 50, 178, 48, 180, 46, 182, 80, 184, 82, 186, 84, 152, 118, 84.0, 152, 82.0, 186, 80.0, 220, 46.0, 218, 48.0, 216, 50.0, 250, 16.0]
Game 5
16593
17124
16795
17536
18691
18363
20482
18053
17170
17206
15898
16889
16605
21987
14503
21762
14648
20768
17358
12191
14805
13616
11875
17044
15294
21375
22411
22607
23396
1
['s', 89, 's', 'w', 's', 'w', 93, 159, 27, 111, 'a', 155, 31, 187, 'a', 137, 179, 39, 227, 53, 209, 71, 259, 123, 223, 'w', 131, 'a', 197, 174, 108, 208, 110, 206, 144, 204, 142, 238, 140, 272, 138, 274, 104, 276, 70, 278, 68, 280, 34, 246, 0, 248, 2, 214, 4, 216, 6, 218, 40, 184, 74, 150, 76, 148, 78, 146, 80, 112, 114, 116.0, 118.0, 82.0, 152.0, 48.0, 186.0, 46.0, 220.0, 44.0, 254.0, 42.0, 288.0]
