Game 1
16737
17251
17296
18427
18763
15831
15255
15606
13862
23025
14153
13379
12961
12309
11744
11352
11121
10859
10466
9470
9680
28627
32841
0
['s', 'w', 23, 159, 61, 57, 19, 39, 'd', 11, 265, 123, 195, 119, 199, 241, 153, 127, 65, 15, 147, 13, 109, 212, 10, 214, 8, 216, 6, 218, 4, 220, 2, 186, 0, 152, 34, 118, 68, 84, 102, 82, 104, 80, 106, 78, 108, 76, 74, 108, 76, 106, 110, 72, 112, 38, 114, 36, 148, 34, 182, 0]
Game 2
16385
16999
17421
17575
16267
16055
16685
16902
18110
17639
17927
18348
31968
18382
18254
17243
16232
15601
27293
16233
17000
14033
14327
14193
16768
10577
10438
10234
14355
30145
81956
90952
91769
79604
80324
1
['s', 159, 27, 197, 's', 'w', 's', 'w', 'd', 'w', 's', 'd', 'sa', 193, 163, 257, 133, 'a', 'a', 261, 141, 207, 13, 221, 115, 1, 37, 5, 91, 7, 247, 'd', 'w', 'd', 19, 182, 174, 184, 208, 218, 210, 216, 212, 214, 216.0, 212, 250.0, 210, 284.0]
Game 3
16050
17331
17860
17712
19036
18314
19361
20490
36406
20523
19005
19436
25427
17977
18125
16290
16735
14531
19986
15070
27737
12561
12332
15399
11362
22569
11941
36288
46840
22451
86265
88848
109929
112587
1
['s', 153, 's', 'w', 's', 'w', 's', 'w', 's', 227, 131, 213, 161, 223, 177, 265, 157, 'd', 147, 217, 99, 's', 27, 'd', 1, 'w', 63, 3, 127, 41, 'w', 5, 'd', 231, 214, 148, 216, 150, 182, 152, 184, 118, 218, 116, 252, 114, 286]
Game 4
15577
17420
17442
18470
18583
15383
14945
16285
14039
21073
13351
13048
12589
12235
11839
11795
12003
12020
11306
26921
30091
34681
0
['s', 'w', 23, 159, 61, 57, 19, 39, 29, 11, 175, 153, 47, 227, 245, 35, 65, 189, 163, 171, 253, 259, 44, 248, 10, 214, 8, 180, 6, 182, 4, 184, 2, 150, 0, 116, 34, 114, 68, 112, 102, 110, 136, 108, 138, 106, 140, 104, 142, 102, 144, 68, 146, 34, 148, 0]
Game 5
16098
17692
17333
17675
18500
18611
19724
19127
19857
19500
35721
20344
18821
18214
20931
16099
15612
14776
14405
14414
13644
13345
13092
12569
12259
11844
11974
17644
27760
39959
36323
43546
44905
63902
63998
0
['s', 161, 's', 'w', 's', 'w', 'a', 'w', 's', 'a', 's', 225, 21, 177, 'a', 221, 57, 47, 'w', 111, 15, 7, 75, 141, 11, 239, 115, 235, 17, 'w', 61, 'd', 139, 'w', 113, 76, 140, 78, 106, 80, 108, 114, 142, 148, 144, 182, 110, 184, 76, 150, 78, 116, 80, 82, 114, 48, 148, 14]
