Game 1
16540
14919
13657
13769
14547
14323
13698
14722
14450
15443
15219
14733
19897
14385
19505
13751
19700
12429
14320
11911
10148
10639
15979
20331
20583
31185
32519
33440
34279
35653
0
[125, 197, 229, 259, 19, 'w', 's', 'a', 's', 'a', 191, 'w', 119, 'd', 177, 153, 173, 77, 217, 269, 131, 265, 145, 39, 's', 107, 'w', 7, 'a', 9, 40, 244, 6, 246, 4, 248, 2, 250, 0, 216, 34, 214, 68, 212, 102, 178, 104, 144, 106, 142, 140, 176, 174, 140, 176, 106, 142, 72, 144, 38, 178, 36, 212, 34, 214, 0]
Game 2
16245
17359
17499
18543
16103
16826
18896
17941
15966
17239
14218
14370
15083
15477
13901
16875
13554
17705
15348
13708
14917
15473
12178
16594
9813
9372
9459
14808
36449
39069
40049
1
['s', 'w', 25, 263, 21, 259, 29, 267, 17, 255, 'd', 'd', 'd', 'd', 'd', 235, 's', 97, 65, 'w', 129, 231, 'a', 227, 165, 171, 125, 43, 181, 'd', 133, 184, 78, 186, 112, 152, 110, 150, 108, 148, 106, 146, 140, 144, 174, 142, 208, 140, 242, 106, 244, 108, 246, 110, 248, 112, 250, 78, 252, 44, 254, 46, 288]
Game 3
15947
14124
13915
14751
15390
15612
17766
15656
15621
14817
14188
19103
14805
13394
15504
13211
13115
13597
16352
13456
17590
11410
18341
29531
31878
31770
33880
30636
24747
22264
30060
34544
37209
39882
0
[127, 191, 21, 'w', 's', 'd', 131, 123, 99, 187, 's', 201, 51, 'w', 95, 'w', 37, 195, 25, 'd', 29, 'd', 77, 261, 'a', 'a', 'a', 89, 'd', 265, 'd', 269, 's', 257, 108, 148, 106, 146, 104, 144, 138, 142, 172, 140, 174, 138, 176, 104, 178, 106, 180, 108, 182, 110, 216, 76, 250, 42, 248, 44, 246, 46, 244, 48, 242, 50, 240, 16]
Game 4
16726
14612
14058
14403
14618
15143
15552
17507
17482
17557
19139
15254
16010
17336
12967
15769
13073
13567
11813
11219
10959
10876
10891
10569
10912
23140
33072
34556
35799
37058
37416
1
[125, 231, 61, 'w', 's', 'w', 's', 'd', 'd', 95, 197, 235, 165, 77, 'd', 145, 'd', 183, 87, 153, 'w', 47, 193, 17, 209, 29, 261, 'a', 265, 's', 65, 248, 50, 250, 16, 252, 14, 286, 12, 284, 10, 282, 44, 280, 42, 278, 76, 276, 110, 242, 108, 208, 106, 174, 140, 106.0, 174, 108.0, 208, 74.0, 242, 40.0, 276]
Game 5
16587
17106
16383
18420
18018
15504
15181
15572
13899
24561
14075
13409
13052
13137
12559
12072
11896
11860
11788
11577
11859
18804
37854
47192
33040
43729
39335
39133
46783
51459
55819
58796
62233
1
['s', 'w', 23, 159, 61, 57, 19, 39, 'd', 11, 29, 91, 'w', 153, 51, 139, 'a', 179, 'a', 43, 'a', 259, 81, 'w', 'a', 'a', 175, 'd', 133, 's', 211, 'w', 225, 246, 0, 248, 34, 214, 36, 180, 38, 146, 72, 112, 106, 110, 140, 108, 174, 106, 208, 72, 206, 38, 240, 36, 274]
