Game 1
16515
17204
18155
18159
19832
18842
20401
20871
17292
18314
17315
18405
17313
17258
14122
28613
13253
13404
13016
12558
12545
12109
11995
17438
28523
46101
26414
40864
24303
31556
22746
48470
57753
121113
140377
194688
237252
1
['s', 145, 's', 'w', 's', 'w', 's', 229, 125, 225, 's', 193, 61, 221, 'a', 181, 'a', 131, 's', 113, 255, 189, 19, 103, 65, 'd', 57, 'a', 85, 'a', 155, 'a', 89, 'a', 'd', 'w', 107, 204, 212, 206, 214, 208, 180, 210, 146, 212, 112, 214, 78, 180, 80, 146, 114, 112, 116, 78, 118, 76, 152, 74, 186, 72, 220, 38, 254, 40, 288]
Game 2
15754
17399
17148
17547
18476
15478
17088
15234
17822
14656
17538
14400
14278
14455
11923
16498
11685
12852
10771
10751
10589
14545
24120
24613
23951
24619
25846
1
['s', 'w', 23, 159, 61, 163, 19, 155, 133, 57, 51, 39, 37, 47, 'd', 97, 'd', 29, 'a', 265, 149, 255, 211, 's', 261, 'd', 243, 284, 10, 286, 12, 252, 14, 218, 16, 216, 50, 182, 84, 180, 118, 178, 116, 176, 114, 174, 148, 172, 146, 170, 144, 136, 142, 102, 140, 104, 138, 106, 136, 108, 170, 110, 204, 112, 238, 114, 240, 116, 242, 118, 276]
Game 3
16664
17573
16973
17532
17905
18175
18672
18758
19682
19654
16906
18530
22268
15566
14564
23800
13774
10849
10535
10018
10476
10429
9186
9037
11918
15856
31817
36506
36639
0
['s', 159, 'd', 'w', 's', 'd', 's', 'w', 197, 129, 63, 167, 213, 77, 215, 133, 'w', 59, 21, 29, 17, 45, 141, 3, 259, 227, 35, 's', 89, 282, 112, 280, 114, 246, 80, 244, 82, 242, 84, 208, 50, 174, 16, 140, 14, 106, 12, 104, 10, 70, 44, 72, 42, 38, 40, 42.0, 74, 8.0]
Game 4
16374
14091
14369
14583
16683
14705
13867
13979
13432
15813
13563
13990
15510
12156
11643
11001
10449
10191
10613
10791
10788
10963
23678
17199
17627
17446
18958
19205
22431
22319
24781
25032
23731
28268
31116
35740
38973
39860
0
[127, 259, 21, 'd', 131, 25, 31, 'a', 'a', 3, 51, 235, 263, 'd', 249, 267, 89, 'a', 'd', 'a', 75, 'a', 7, 231, 'd', 'a', 'd', 'w', 's', 'd', 'd', 99, 'a', 207, 's', 139, 's', 143, 116, 208, 118, 210, 152, 212, 186, 178, 220, 144, 218, 146, 216, 148, 214, 150, 212, 152, 210, 118, 176, 116, 142, 114, 108, 80, 106, 46, 104, 12]
Game 5
15962
16955
17329
17538
18397
18485
19045
18862
20201
21316
17656
17400
17135
16877
16324
21285
15394
17566
15590
18517
14945
15507
17167
15354
13244
16480
16364
15784
22415
23310
23330
26789
26845
1
['s', 159, 's', 'w', 'd', 'd', 's', 'w', 's', 229, 197, 'd', 183, 145, 17, 115, 'w', 77, 'w', 47, 133, 59, 215, 45, 267, 113, 219, 255, 21, 's', 39, 'd', 109, 218, 112, 184, 146, 186, 180, 220, 182, 254, 148, 288, 114, 286, 80, 284, 46, 282, 12, 248, 10, 246, 44, 244, 42, 210, 40, 176, 74, 174, 108, 140, 142, 106, 140, 108, 174, 74, 208, 40, 242, 42, 276]
