Game 1
47119
67156
70774
65892
62772
64105
62130
60900
57736
54770
55851
56818
57664
56990
58369
55333
59848
57406
78093
89439
79787
82097
82117
87407
102651
125178
150925
159457
175807
209045
221675
209766
212053
254582
0
['s', 'w', 25, 263, 21, 259, 29, 267, 17, 255, 'd', 'd', 'd', 'd', 65, 235, 129, 197, 's', 'w', 61, 231, 57, 227, 179, 223, 53, 'd', 's', 'w', 'd', 'a', 'a', 77, 116, 148, 150, 146, 148, 144, 146, 110, 144, 76, 178, 74, 212, 72, 210, 70, 208, 68, 206, 34, 204, 36, 238, 38, 240, 40, 242, 42, 244, 44, 246, 46, 248, 48, 250, 50, 252, 16]
Game 2
46564
58539
72874
72063
67645
68976
70513
67956
69035
63131
77978
88666
38623
97878
47616
95492
73380
110889
85908
119805
79591
106578
116618
117354
1
['s', 'w', 23, 159, 27, 163, 19, 155, 31, 'a', 119, 167, 123, 91, 73, 51, 61, 221, 83, 95, 9, 259, 's', 211, 78, 210, 80, 176, 82, 174, 116, 172, 150, 170, 148, 136, 146, 138, 144, 140, 142, 144.0, 140, 110.0, 138, 112.0, 136, 114.0, 170, 116.0, 204, 82.0, 206, 80.0, 208, 78.0, 242, 76.0, 240, 42.0, 274]
