Game 1
46908
58155
66887
71449
66994
67738
71327
67089
68229
62497
69835
62754
48232
89856
58690
88457
66719
92141
84524
112249
115108
120057
127579
1
['s', 'w', 23, 159, 27, 163, 19, 155, 31, 167, 85, 187, 89, 57, 75, 191, 129, 199, 145, 263, 'd', 259, 227, 248, 78, 214, 112, 212, 110, 178, 144, 176, 142, 174, 140, 172, 138, 170, 136, 102.0, 170, 136.0, 172, 138.0, 174, 140.0, 176, 142.0, 178, 144.0, 212, 110.0, 214, 76.0, 248, 78.0, 250, 44.0, 284]
Game 2
46282
64410
64446
76629
67467
64425
68367
64900
63780
65856
66710
71327
65813
66979
67078
66215
70664
74583
81587
88924
88196
82022
59380
112288
92272
109011
103640
133208
189024
189026
1
['s', 'w', 25, 161, 21, 157, 63, 59, 17, 7, 31, 167, 'd', 'd', 'd', 267, 'd', 263, 231, 'd', 199, 'd', 235, 'a', 179, 259, 239, 221, 'd', 241, 84, 248, 118, 246, 152, 212, 150, 178, 148, 176, 146, 174, 144, 172, 142, 138, 140, 104, 138, 70, 172, 72, 206, 74, 208, 76, 242, 78, 244, 80, 246, 82, 248, 84, 250, 50, 252, 48, 254, 46, 288]
