Game 1
46755
63138
69696
72860
61101
62291
60340
60147
57425
54483
54029
57643
57230
55606
57443
62157
58153
74780
66353
68150
62654
58265
62527
63838
85393
89631
109093
252218
262209
277618
0
['s', 'w', 25, 263, 21, 259, 29, 267, 17, 255, 'd', 'd', 'd', 'd', 's', 'w', 65, 235, 61, 231, 57, 227, 53, 223, 113, 'a', 91, 163, 'a', 77, 112, 180, 146, 178, 144, 110.0, 178, 108.0, 212, 106.0, 210, 72.0, 208, 70.0, 206, 68.0, 204, 34.0, 238, 36.0, 240, 38.0, 242, 40.0, 244, 42.0, 246, 44.0, 248, 46.0, 250, 48.0, 252, 50.0, 254, 16.0]
Game 2
46124
63789
68205
75907
68133
65153
68809
68401
67818
64938
79670
90417
36816
93687
46981
93275
67224
108647
71016
95557
73560
109441
120843
122207
1
['s', 'w', 25, 161, 21, 157, 29, 165, 17, 'd', 133, 153, 129, 93, 79, 265, 227, 269, 49, 213, 215, 223, 'a', 201, 74, 214, 108, 180, 142, 182, 144, 184, 146, 186, 148, 152, 150, 148.0, 152, 146.0, 186, 144.0, 184, 110.0, 182, 108.0, 180, 74.0, 178, 40.0, 212, 42.0, 210, 44.0, 208, 46.0, 206, 80.0, 204, 114.0, 238, 116.0, 272]
