Game 1
45758
60919
67743
76071
70209
57969
52319
68898
78002
99343
109174
49453
119311
56543
112688
82917
158156
130972
116882
121436
151572
155391
160565
160679
169804
169865
182333
182766
207133
207372
225351
225414
254009
256136
466914
434257
1
['s', 'w', 23, 159, 61, 57, 19, 39, 27, 65, 141, 221, 209, 167, 123, 75, 261, 201, 213, 153, 231, 'w', 'd', 'w', 'd', 'd', 'd', 's', 'w', 'd', 'a', 'd', 'a', 's', 'a', 207, 6, 286, 4, 284, 2, 282, 0, 280, 34, 278, 68, 276, 102, 242, 136, 208, 138, 174, 140, 138, 174, 104, 208, 70, 242, 36, 276]
Game 2
44472
58648
67428
75359
68271
63693
67989
69456
64377
64304
74460
90567
34760
95533
53367
83386
59091
85931
55866
86343
94940
94074
101029
1
['s', 'w', 25, 161, 21, 157, 29, 165, 17, 187, 99, 269, 117, 191, 195, 265, 43, 261, 105, 257, 'a', 39, 75, 212, 74, 214, 108, 216, 106, 182, 72, 180, 70, 178, 104, 176, 138, 174, 172, 170.0, 174, 136.0, 176, 102.0, 178, 68.0, 180, 70.0, 182, 72.0, 216, 106.0, 250, 140.0, 248, 142.0, 246, 144.0, 244, 110.0, 242, 112.0, 240, 78.0, 238, 44.0, 272]
