Game 1
46369
61222
68356
72278
58109
62284
62189
57365
57491
54858
54698
59391
55545
56288
55357
55260
64963
61736
64688
64077
70855
68617
72031
114879
123749
153429
160664
144746
0
['s', 'w', 25, 263, 21, 259, 29, 267, 17, 255, 'd', 'd', 'd', 'd', 65, 235, 131, 163, 109, 'w', 's', 231, 61, 227, 179, 223, 57, 79, 114, 182, 116, 184, 118, 150, 152, 148, 150, 146, 148, 112, 146, 78, 144, 76, 178, 74, 212, 72, 210, 38, 208, 40, 206, 42, 204, 44, 238, 46, 240, 48, 242, 50, 244, 16]
Game 2
46382
59081
62046
74711
67447
59749
55381
67885
80343
87366
77355
70703
93674
82355
96338
70072
80402
71929
67911
67482
107855
108430
138977
146898
156993
157828
159208
161576
164265
156778
163277
1
['s', 'w', 23, 159, 61, 57, 19, 39, 1, 47, 'd', 133, 'w', 129, 51, 29, 163, 259, 155, 91, 125, 255, 105, 'w', 'd', 'w', 'd', 'd', 'd', 'a', 85, 180, 50, 182, 84, 184, 118, 150, 116, 148, 114, 146, 112, 144, 110, 142, 108, 140, 106, 72.0, 140, 106.0, 142, 108.0, 144, 110.0, 146, 112.0, 148, 114.0, 150, 116.0, 184, 82.0, 218, 48.0, 252, 50.0, 286]
