Game 1
47228
61274
67047
78304
68217
66407
68905
66482
71856
62234
65746
64923
67841
66634
62568
91011
61586
98782
88641
88796
88444
82515
87208
121998
161120
167829
178842
188862
190837
201761
204948
223445
227114
263514
270982
333393
339925
1
['s', 'w', 25, 161, 21, 157, 29, 165, 85, 187, 's', 'w', 's', 'w', 's', 107, 65, 117, 177, 235, 61, 231, 17, 39, 77, 129, 'd', 'd', 'd', 'd', 'd', 'd', 'w', 'd', 'w', 'w', 97, 118, 84, 82, 118, 80, 152, 78, 186, 112, 220, 114, 218, 116, 216, 150, 214, 148, 212, 146, 246, 144, 280]
Game 2
47091
63758
64434
67649
60652
64408
60630
58554
56649
55490
55447
57863
56936
54686
58534
56986
61663
62508
74145
90489
76769
82690
87218
87945
95025
120109
144160
160005
172294
204728
194093
241237
0
['s', 'w', 25, 263, 21, 259, 29, 267, 17, 255, 'd', 'd', 'd', 'd', 65, 235, 129, 197, 's', 'w', 61, 231, 57, 227, 53, 223, 179, 'd', 'd', 'w', 's', 115, 82, 150, 80, 116, 114, 82, 112, 80, 110, 78, 144, 76, 178, 74, 212, 72, 210, 70, 208, 68, 206, 34, 204, 36, 238, 38, 240, 40, 242, 42, 244, 44, 246, 46, 248, 48, 250, 50, 252, 16]
