Game 1
46762
60342
66030
72901
68302
59510
53464
69412
81601
78265
76921
71422
88185
75441
85995
82221
72537
61817
80515
68635
87516
89502
99383
113196
136877
146974
209717
1
['s', 'w', 23, 159, 61, 57, 19, 39, 1, 47, 'd', 'w', 179, 133, 51, 129, 'w', 29, 'd', 257, 155, 125, 171, 'a', 111, 89, 209, 176, 14, 174, 16, 208, 50, 242, 84, 240, 118, 238, 116, 204, 114, 170, 80, 136, 78, 102, 76, 104, 110, 106, 108, 110.0, 106, 76.0, 140, 78.0, 138, 112.0, 136, 114.0, 170, 116.0, 204, 82.0, 238, 48.0, 272]
Game 2
46262
61574
75454
77618
70027
65350
70464
67027
71665
63900
64253
67941
65473
69714
80558
91254
74041
96555
101688
106460
92840
102831
71652
128552
144880
153740
163830
1
['s', 'w', 25, 161, 21, 157, 29, 165, 85, 221, 's', 'w', 's', 'w', 's', 107, 65, 117, 37, 201, 179, 225, 153, 265, 61, 261, 253, 212, 110, 246, 76, 248, 78, 214, 80, 180, 82, 182, 84, 184, 118, 186, 152, 118.0, 186, 84.0, 184, 82.0, 182, 80.0, 216, 78.0, 250, 76.0, 252, 42.0, 286]
