Game 1
47651
62003
70230
74398
68900
57973
57375
68998
82976
103513
112914
65028
133622
93346
200657
78301
134746
131921
136926
120346
118956
126618
0
['s', 'w', 23, 159, 61, 57, 19, 39, 27, 65, 103, 15, 171, 35, 245, 107, 229, 255, 215, 259, 37, 117, 44, 280, 46, 282, 48, 284, 14, 250, 12, 216, 10, 182, 8, 180, 6, 214, 4, 212, 2, 210, 0, 244, 34, 242, 68, 240, 102, 238, 136, 204, 170, 136.0, 204, 102.0, 238, 68.0, 240, 34.0, 206, 0.0]
Game 2
48002
59835
67045
72593
66473
69226
68781
68043
69606
62423
85625
91546
39103
99119
66445
118675
96844
142202
133448
167105
196484
188250
1
['s', 'w', 23, 159, 27, 163, 19, 155, 31, 235, 85, 107, 103, 57, 5, 129, 47, 79, 77, 1, 199, 177, 44, 212, 46, 178, 80, 180, 114, 182, 116, 184, 150, 116.0, 184, 150.0, 182, 148.0, 180, 146.0, 214, 144.0, 248, 110.0, 282]
