Game 1
46373
61797
76095
70883
61389
64843
59920
58696
57713
55865
54116
59951
56549
54680
58313
55655
58688
59044
73303
91471
78420
78830
84412
91874
101780
119796
142084
150503
172818
214740
219732
200838
202134
237726
0
['s', 'w', 25, 263, 21, 259, 29, 267, 17, 255, 'd', 'd', 'd', 'd', 65, 235, 129, 197, 's', 'w', 61, 231, 57, 227, 53, 223, 179, 'd', 's', 'w', 'd', 'a', 's', 149, 116, 148, 114, 146, 112, 144, 110, 76.0, 144, 74.0, 178, 72.0, 212, 70.0, 210, 68.0, 208, 34.0, 206, 36.0, 204, 38.0, 238, 40.0, 240, 42.0, 242, 44.0, 244, 46.0, 246, 48.0, 248, 50.0, 250, 16.0]
Game 2
46327
63667
66512
63404
61317
63191
60595
58282
56650
54169
55302
57881
56951
56206
57361
61540
58447
74456
68329
72176
73252
74048
86518
93682
63784
90573
114300
118023
1
['s', 'w', 25, 263, 21, 259, 29, 267, 17, 255, 'd', 'd', 'd', 'd', 's', 'w', 65, 201, 61, 197, 57, 193, 53, 189, 153, 141, 71, 77, 114, 214, 148, 212, 146, 210, 144, 208, 110, 206, 108, 204, 106, 170, 140, 172, 174, 140, 172, 138, 170, 104, 204, 70, 238, 68, 240, 34, 242, 36, 244, 38, 246, 40, 248, 42, 250, 44, 252, 46, 254, 48, 288]
