Game 1
47194
60635
65925
78178
73518
58077
53223
68262
80594
84955
74824
63777
96145
83072
130020
92544
156576
92055
203180
129428
254811
244990
247772
249393
249487
0
['s', 'w', 25, 161, 55, 59, 29, 45, 15, 37, 'a', 119, 'a', 19, 177, 229, 245, 113, 233, 123, 197, 157, 201, 'd', 7, 250, 40, 252, 6, 254, 4, 220, 2, 218, 0, 216, 34, 214, 68, 212, 102, 178, 104, 180, 106, 182, 108, 148, 110, 114, 144, 80, 142, 82, 140, 84, 138, 50, 172, 16]
Game 2
46144
59037
65471
78433
69414
66140
71979
66426
62953
68132
69413
71523
65501
66186
70067
66346
73933
76282
82817
91374
85609
86835
53812
107693
113479
139821
155686
1
['s', 'w', 25, 161, 21, 157, 63, 59, 17, 41, 31, 167, 'd', 'd', 'd', 267, 'd', 263, 231, 'd', 217, 201, 179, 255, 11, 111, 107, 248, 50, 246, 84, 212, 82, 178, 80, 176, 78, 174, 76, 172, 110, 138, 108, 104, 74, 70, 72, 74.0, 106, 108.0, 140, 110.0, 138, 76.0, 172, 78.0, 206, 80.0, 240, 82.0, 242, 84.0, 276]
