Game 1
47061
64305
66177
79742
74627
57242
53708
68624
81908
88412
82697
59419
85542
56916
48241
52406
71109
59028
97314
46232
92470
52199
64936
76341
68330
133674
141249
138240
139243
0
['s', 'w', 25, 161, 55, 59, 29, 45, 15, 37, 'a', 153, 'w', 157, 65, 87, 'a', 265, 165, 269, 233, 75, 'a', 'd', 181, 'd', 117, 'd', 73, 254, 36, 220, 70, 186, 68, 152, 102, 118, 136, 84, 138, 82, 140, 116, 142, 150, 144, 148, 110, 146, 112, 144, 114, 142, 80, 140, 82, 106, 84, 104, 118, 102, 152, 68, 186, 34, 220, 0]
Game 2
47352
60634
63388
68989
64381
64890
61276
58164
56278
55558
54983
58191
57983
56103
57191
56868
59108
60207
75303
90699
83894
79183
83691
93598
108512
123600
148867
151869
165963
207853
214984
238290
0
['s', 'w', 25, 263, 21, 259, 29, 267, 17, 255, 'd', 'd', 'd', 'd', 65, 235, 129, 197, 's', 'w', 61, 231, 57, 227, 179, 223, 53, 'd', 'd', 'w', 's', 115, 82, 150, 80, 116, 114, 82, 112, 80, 110, 78, 144, 76, 178, 74, 212, 72, 210, 70, 208, 68, 206, 34, 204, 36, 238, 38, 240, 40, 242, 42, 244, 44, 246, 46, 248, 48, 250, 50, 252, 16]
