Game 1
40557
53821
59153
62190
57145
54437
55409
58978
53912
51262
51318
58089
32628
68476
35895
68830
43459
74955
56011
83351
64563
80320
99939
106192
165693
1
['s', 'w', 23, 159, 27, 163, 19, 155, 31, 167, 85, 221, 89, 225, 75, 'w', 1, 229, 49, 233, 's', 269, 's', 43, 123, 178, 144, 176, 142, 174, 140, 172, 138, 170, 136, 102.0, 170, 136.0, 204, 138.0, 206, 140.0, 208, 142.0, 210, 144.0, 212, 110.0, 214, 76.0, 216, 42.0, 218, 40.0, 220, 74.0, 254, 72.0, 252, 70.0, 250, 68.0, 284]
Game 2
38626
52115
61282
64369
58586
50378
43867
57752
58437
65284
74473
27668
86236
31000
107425
43493
98848
67496
107341
59573
79300
67841
69417
83852
100115
119172
0
['s', 'w', 23, 159, 61, 57, 19, 39, 'd', 11, 229, 'a', 103, 153, 225, 173, 233, 269, 65, 175, 211, 's', 'w', 31, 215, 147, 8, 280, 6, 282, 4, 284, 2, 250, 0, 252, 34, 254, 68, 220, 70, 186, 104, 152, 106, 118, 108, 116, 110, 114, 112, 110.0, 114, 108.0, 148, 106.0, 182, 72.0, 216, 38.0, 218, 36.0, 220, 34.0, 254, 0.0]
