Game 1
46663
67828
66103
74400
67982
65447
70303
66572
66734
65939
63312
62176
49866
95781
62024
89490
71326
103619
91031
117978
132270
140942
1
['s', 'w', 25, 161, 21, 157, 29, 165, 17, 153, 99, 201, 95, 59, 77, 193, 65, 189, 139, 73, 247, 211, 40, 212, 74, 214, 108, 180, 142, 182, 144, 184, 146, 186, 148, 152, 150, 148.0, 152, 146.0, 186, 144.0, 184, 110.0, 182, 76.0, 216, 74.0, 250, 40.0, 284]
Game 2
47132
60242
77338
77599
68279
66568
68919
66989
72332
67029
66325
66237
70218
69237
64349
87990
64110
109037
97905
94129
82348
86912
121047
128596
147997
156078
167006
1
['s', 'w', 25, 161, 21, 157, 29, 165, 51, 187, 's', 'w', 's', 'w', 's', 107, 185, 117, 55, 49, 235, 91, 177, 77, 195, 129, 215, 180, 146, 182, 148, 216, 150, 250, 116, 284, 82, 282, 48, 248, 46, 246, 44, 244, 42, 210, 76, 176, 74, 174, 72, 172, 106, 138, 140, 104, 138, 70, 172, 72, 174, 74, 208, 76, 242, 42, 276]
