Game 1
47063
60304
64691
77287
73682
57477
56381
65974
82322
70350
103500
36318
114536
47750
128922
50410
109375
65436
112766
67115
97277
86014
115535
130722
142293
0
['s', 'w', 25, 161, 55, 59, 29, 45, 'a', 5, 'w', 133, 17, 'd', 165, 151, 157, 221, 3, 225, 191, 255, 137, 251, 213, 214, 8, 180, 10, 178, 12, 176, 14, 174, 16, 172, 50, 138, 84, 104, 118, 106, 116, 108, 114, 110, 148, 112, 146, 114, 144, 80, 142, 46, 140, 48, 138, 50, 172, 16]
Game 2
46894
59600
65868
74634
72194
56904
55632
68150
81253
78356
76037
65228
89683
88219
130974
94582
134296
103352
163841
148998
202095
142990
204561
221212
227225
0
['s', 'w', 25, 161, 55, 59, 29, 45, 15, 37, 'a', 153, 'a', 19, 177, 157, 83, 63, 151, 77, 219, 73, 247, 'w', 181, 214, 40, 248, 6, 282, 4, 284, 2, 286, 0, 288, 34, 254, 68, 220, 102, 186, 136, 152, 138, 118, 140, 84, 142, 50, 144, 16]
