Game 1
46854
66451
65336
72062
63256
64416
61356
58784
57031
54793
54361
57356
57652
57587
58700
57651
59151
74565
70455
71237
74035
75626
88642
94134
66869
103478
112240
120272
131409
1
['s', 'w', 25, 263, 21, 259, 29, 267, 17, 255, 'd', 'd', 'd', 'd', 's', 'w', 65, 201, 61, 197, 57, 193, 53, 189, 119, 141, 'a', 77, 171, 250, 112, 248, 146, 246, 144, 244, 110, 242, 108, 240, 106, 238, 140, 204, 138, 170, 136, 138, 170, 140, 204, 106, 238, 72, 240, 70, 242, 68, 244, 34, 246, 36, 248, 38, 250, 40, 252, 42, 254, 44, 288]
Game 2
46001
64478
65788
75985
70432
60416
55113
69821
60269
76260
74713
70307
94639
80357
73666
64443
64592
69719
80715
76264
85475
86219
95668
133137
133926
93160
177432
186369
124421
97448
134806
122405
286777
289667
426218
403904
427850
435604
473348
514856
0
['s', 'w', 23, 159, 95, 57, 19, 'w', 179, 'a', 175, 's', 243, 'd', 'd', 'd', 's', 'w', 'a', 'w', 's', 197, 129, 109, 99, 'w', 43, 235, 73, 155, 'w', 103, 'a', 'a', 's', 187, 's', 225, 'a', 207, 142, 110, 108, 76, 74, 108, 76, 142, 110, 140, 144, 106, 146, 72, 180, 38, 182, 36, 184, 34, 218, 0]
