Game 1
47278
60493
61590
74045
68697
56818
56144
68425
82976
87896
79905
65786
89895
57929
46442
48932
77015
76607
88724
70412
97497
62957
76682
84671
87485
116610
121134
129342
129654
135469
135724
0
['s', 'w', 23, 159, 61, 57, 19, 39, 1, 47, 'd', 167, 'w', 163, 51, 29, 155, 187, 'd', 191, 195, 'd', 215, 's', 267, 119, 'd', 'd', 'd', 'd', 93, 288, 50, 254, 84, 220, 118, 186, 152, 184, 150, 182, 148, 180, 146, 178, 144, 176, 142, 174, 140, 172, 138, 170, 136, 138, 170, 140, 172, 106, 174, 108, 176, 110, 178, 112, 180, 114, 182, 116, 216, 82, 250, 48, 252, 50, 254, 16]
Game 2
46869
60267
73132
78176
74192
57970
57347
68263
81225
83666
79677
68791
85858
76488
89998
63203
82849
69172
77444
77875
93999
97876
134508
138380
142851
1
['s', 'w', 25, 161, 55, 59, 29, 45, 15, 37, 'a', 119, 'w', 123, 65, 19, 227, 267, 247, 231, 223, 235, 209, 's', 139, 278, 4, 276, 2, 242, 0, 240, 34, 238, 68, 204, 102, 206, 104, 208, 106, 174, 108, 140, 110, 142, 144, 146.0, 142, 112.0, 176, 110.0, 174, 108.0, 208, 106.0, 206, 104.0, 204, 70.0, 238, 36.0, 272]
