Game 1
47063
60936
61504
78935
68049
60225
56258
70954
83000
84055
77207
64594
87222
57178
48551
50154
69028
60876
95377
48021
89517
51608
64275
122259
129701
138206
144094
153059
156404
160790
163366
0
['s', 'w', 23, 159, 61, 57, 19, 39, 1, 47, 'd', 167, 'w', 163, 51, 29, 'd', 259, 155, 255, 119, 241, 175, 'a', 'd', 'a', 'd', 'w', 111, 'w', 15, 172, 50, 170, 84, 136, 118, 138, 116, 140, 114, 106, 80, 108, 78, 74, 76, 78.0, 110, 112.0, 144, 114.0, 142, 116.0, 140, 82.0, 138, 84.0, 136, 50.0, 170, 16.0]
Game 2
46489
72189
69048
75652
69648
66132
70702
66995
71669
62201
66762
67956
67733
69358
88196
95901
82875
72169
97530
101381
89078
95810
72488
181920
282787
331283
410714
1
['s', 'w', 25, 161, 21, 157, 29, 165, 85, 221, 's', 'w', 's', 'w', 's', 107, 99, 113, 37, 269, 179, 225, 143, 265, 45, 261, 81, 212, 110, 246, 76, 248, 74, 214, 72, 180, 106, 182, 140, 184, 138, 186, 172, 152, 206, 150, 208, 148, 210, 114, 212, 80, 246, 46, 244, 48, 242, 50, 276]
