Game 1
47224
60642
71140
78318
67379
59928
55109
69187
81925
83715
81084
62598
91187
82760
104987
71935
92508
74577
71728
61896
107825
111743
144390
151611
154964
158783
160280
1
['s', 'w', 23, 159, 61, 57, 19, 39, 1, 47, 'd', 133, 'w', 129, 51, 97, 163, 257, 155, 93, 125, 263, 105, 'w', 'd', 's', 119, 212, 14, 178, 48, 180, 82, 182, 84, 184, 118, 150, 116, 148, 114, 146, 112, 144, 110, 142, 108, 140, 106, 72.0, 140, 106.0, 142, 108.0, 144, 110.0, 146, 112.0, 148, 114.0, 150, 116.0, 184, 118.0, 218, 84.0, 252, 50.0, 286]
Game 2
46431
61512
65286
70862
63135
62943
61604
59613
56891
56101
55815
56848
57713
57013
56364
62528
59394
75635
72300
68074
60701
57386
62361
64622
63704
131479
153409
269062
0
['s', 'w', 25, 263, 21, 259, 29, 267, 17, 255, 'd', 'd', 'd', 'd', 's', 'w', 65, 235, 61, 231, 57, 227, 53, 223, 143, 129, 81, 125, 114, 214, 112, 212, 110, 210, 108, 176, 106, 142, 140, 138.0, 174, 104.0, 208, 70.0, 206, 68.0, 204, 34.0, 238, 36.0, 240, 38.0, 242, 40.0, 244, 42.0, 246, 44.0, 248, 46.0, 250, 48.0, 252, 50.0, 254, 16.0]
