Game 1
47172
66562
67945
65174
61858
66275
61530
58566
57882
55730
55508
58082
57867
56854
58769
61329
58200
76266
71543
71313
76392
74045
87745
92112
64236
91990
115709
119080
1
['s', 'w', 25, 263, 21, 259, 29, 267, 17, 255, 'd', 'd', 'd', 'd', 's', 'w', 65, 201, 61, 197, 57, 193, 53, 189, 153, 141, 71, 77, 114, 214, 148, 212, 146, 210, 144, 208, 110, 206, 108, 204, 106, 170, 140, 172, 174, 140, 172, 138, 170, 104, 204, 70, 238, 68, 240, 34, 242, 36, 244, 38, 246, 40, 248, 42, 250, 44, 252, 46, 254, 48, 288]
Game 2
47464
61982
74511
78511
71785
58147
56534
68480
80506
85758
75808
65202
86008
57265
48265
48889
79528
84497
90629
70785
98049
60443
76555
85124
85851
101021
104190
109286
109472
114290
114281
0
['s', 'w', 25, 161, 55, 59, 29, 45, 15, 37, 'a', 153, 'w', 157, 65, 19, 165, 201, 'a', 197, 193, 'a', 209, 's', 257, 117, 'a', 'a', 'a', 'a', 73, 272, 34, 238, 68, 204, 102, 170, 136, 172, 138, 174, 140, 176, 142, 178, 108, 180, 110, 182, 112, 184, 114, 186, 80, 152, 82, 118, 84, 82, 118, 116, 152, 150, 186, 148, 184, 146, 182, 144, 180, 142, 178, 140, 176, 106, 174, 104, 208, 70, 242, 36, 240, 34, 238, 0]
