Game 1
47513
64402
69388
68811
62869
64471
60166
59423
57173
55848
53795
58140
55344
56300
57051
56536
58738
59079
73650
88778
81078
82780
82928
85752
111922
116014
141297
157550
198363
221727
235063
261394
0
['s', 'w', 25, 263, 21, 259, 29, 267, 17, 255, 'd', 'd', 'd', 'd', 65, 235, 129, 163, 's', 'w', 61, 231, 57, 227, 53, 223, 179, 'w', 's', 'd', 'd', 115, 82, 150, 80, 116, 114, 82, 112, 80, 110, 78, 144, 76, 178, 74, 212, 72, 210, 70, 208, 68, 206, 34, 204, 36, 238, 38, 240, 40, 242, 42, 244, 44, 246, 46, 248, 48, 250, 50, 252, 16]
Game 2
46273
65203
73973
73267
61905
65900
61056
60344
56590
56006
54074
59103
56925
54822
59118
56626
60056
58585
74132
89184
78906
79483
84943
91108
109017
125080
150363
156087
168127
210714
230235
242581
0
['s', 'w', 25, 263, 21, 259, 29, 267, 17, 255, 'd', 'd', 'd', 'd', 65, 235, 129, 197, 's', 'w', 61, 231, 57, 227, 179, 223, 53, 'd', 's', 'w', 'd', 115, 82, 150, 80, 116, 114, 82, 112, 80, 110, 78, 144, 76, 178, 74, 212, 72, 210, 70, 208, 68, 206, 34, 204, 36, 238, 38, 240, 40, 242, 42, 244, 44, 246, 46, 248, 48, 250, 50, 252, 16]
