Game 1
46954
59214
69647
76645
68348
59795
56280
68325
80621
88689
83682
65870
87401
58814
48885
48285
76912
84632
89350
70831
97984
63391
81196
84795
91569
103473
103461
0
['s', 'w', 23, 159, 61, 57, 19, 39, 1, 47, 'd', 167, 'w', 163, 51, 29, 155, 187, 'd', 191, 195, 'd', 199, 269, 215, 's', 233, 284, 14, 250, 16, 252, 50, 254, 84, 220, 118, 186, 152, 184, 150, 182, 148, 180, 146, 178, 144, 176, 142, 174, 140, 172, 138, 170, 136, 102.0, 170, 104.0, 172, 106.0, 174, 108.0, 176, 110.0, 178, 112.0, 180, 114.0, 182, 116.0, 184, 82.0, 186, 48.0, 220, 50.0, 254, 16.0]
Game 2
46660
59721
75952
78533
73325
58733
53732
68436
80964
68782
105095
37420
127199
41868
133010
62739
121743
76455
52801
61112
70429
69989
85628
87202
64274
60330
68552
62160
70985
64690
70383
63656
71138
64503
76554
68902
87098
84421
90571
83808
100168
79222
178088
188627
240911
241344
1
['s', 'w', 25, 161, 55, 59, 29, 45, 'a', 5, 193, 'd', 'w', 167, 197, 'd', 217, 149, 51, 'a', 209, 'a', 257, 'a', 261, 'd', 'd', 'd', 'd', 111, 'd', 's', 'd', 'a', 'd', 'a', 's', 'a', 'a', 'a', 's', 97, 'd', 93, 's', 221, 116, 272, 114, 238, 148, 240, 182, 242, 180, 208, 178, 174, 176, 178.0, 174, 180.0, 208, 182.0, 242, 148.0, 240, 114.0, 238, 116.0, 272]
