Game 1
47082
59149
70105
74416
60765
61971
62837
58499
57878
54385
55404
57390
57134
56091
58974
57250
57089
59725
65667
89172
78898
77532
81561
85879
110234
114551
140161
156194
193773
219133
235491
258612
0
['s', 'w', 25, 263, 21, 259, 29, 267, 17, 255, 'd', 'd', 'd', 'd', 65, 235, 129, 163, 's', 'w', 61, 231, 57, 227, 53, 223, 179, 'd', 's', 'w', 'd', 115, 82, 150, 80, 116, 114, 82, 112, 80, 110, 78, 144, 76, 178, 74, 212, 72, 210, 70, 208, 68, 206, 34, 204, 36, 238, 38, 240, 40, 242, 42, 244, 44, 246, 46, 248, 48, 250, 50, 252, 16]
Game 2
46902
58890
66514
77288
73664
56230
53551
71147
81312
66395
105081
35854
115997
48760
128045
50862
108263
73103
118477
91714
136249
115470
148519
133886
154889
141166
147160
0
['s', 'w', 25, 161, 55, 59, 29, 45, 'a', 5, 'w', 133, 17, 'd', 165, 151, 123, 227, 231, 249, 209, 255, 'd', 109, 37, 'a', 261, 248, 10, 282, 12, 280, 14, 278, 16, 276, 50, 242, 84, 208, 118, 174, 116, 140, 114, 138, 112, 104, 78, 106, 76, 72, 74, 76.0, 108, 110.0, 106, 112.0, 104, 114.0, 138, 80.0, 172, 46.0, 206, 48.0, 240, 50.0, 242, 16.0]
