Game 1
47061
62439
68744
78431
69378
65459
68342
67062
69210
64892
53835
65323
39779
92026
60237
87299
63904
90302
81088
87069
78729
98020
106197
106809
1
['s', 'w', 25, 161, 21, 157, 29, 165, 17, 153, 99, 235, 95, 59, 77, 231, 15, 223, 55, 'w', 171, 71, 'a', 177, 38, 178, 36, 180, 70, 182, 104, 184, 138, 186, 140, 152, 142, 150, 144, 148, 146, 144.0, 148, 142.0, 150, 140.0, 152, 138.0, 186, 104.0, 220, 70.0, 218, 36.0, 216, 38.0, 214, 40.0, 212, 42.0, 246, 44.0, 280]
Game 2
46191
58876
66644
71407
60781
65665
61336
58752
56363
56475
55104
58876
56805
54330
56275
55883
57491
58241
65869
89129
78420
79944
81260
84021
111236
115148
141563
154771
198242
224333
235535
259440
0
['s', 'w', 25, 263, 21, 259, 29, 267, 17, 255, 'd', 'd', 'd', 'd', 65, 235, 129, 163, 's', 'w', 61, 231, 57, 227, 53, 223, 179, 'w', 's', 'd', 'd', 115, 82, 150, 80, 116, 114, 82, 112, 80, 110, 78, 144, 76, 178, 74, 212, 72, 210, 70, 208, 68, 206, 34, 204, 36, 238, 38, 240, 40, 242, 42, 244, 44, 246, 46, 248, 48, 250, 50, 252, 16]
