Game 1
14339
16332
17870
16700
18052
17588
19117
18907
14628
17895
14972
17004
13448
16382
17513
13116
14947
12670
12540
11778
11334
11712
10953
10420
10912
9666
26510
33189
44835
1
['s', 73, 's', 'w', 's', 'w', 's', 263, 57, 259, 61, 267, 121, 255, 65, 'a', 17, 'w', 141, 173, 249, 87, 's', 113, 137, 181, 193, 161, 221, 180.0, 176, 214.0, 142, 212.0, 108, 210.0, 74, 208.0, 76, 174.0, 78, 140.0, 80, 138.0, 114, 172.0, 148, 206.0, 182, 204.0, 216, 170.0, 250, 136.0, 252, 102.0, 254, 68.0, 288]
Game 2
14828
16387
15537
16177
16764
16869
18071
18061
18975
19077
33250
19406
18214
18246
19989
16365
15145
16133
15264
14246
13879
13633
13285
13113
12215
26136
24080
23023
26630
24288
39388
42467
42704
46495
46955
50816
51808
55312
55797
61727
62510
69077
70115
76624
77681
87694
88801
98974
101793
125716
127937
168525
172639
202585
200774
220492
223433
250899
255308
287975
299516
314821
319948
1
['s', 161, 'a', 'w', 's', 'w', 's', 'a', 's', 'w', 's', 261, 7, 209, 157, 213, 'wa', 257, 153, 207, 85, 221, 181, 265, 97, 217, 165, 'd', 185, 177, 133, 'd', 'd', 's', 's', 's', 's', 'd', 'd', 'w', 'w', 'w', 'w', 'd', 'd', 's', 's', 's', 's', 'd', 'd', 'w', 'w', 'w', 'w', 'w', 'd', 'a', 's', 'a', 's', 'a', 's']
Game 3
14660
16041
15809
14909
14365
13935
13228
13515
12266
13556
12944
14115
12888
12783
11404
11414
10260
9890
9550
9063
8838
12557
27346
37223
38387
42995
41344
0
['s', 'w', 25, 161, 21, 157, 29, 231, 'd', 235, 's', 95, 119, 43, 'd', 99, 149, 89, 81, 213, 151, 201, 37, 'a', 1, 's', 39, 244, 46, 210, 48, 176, 50, 174, 16, 172, 14, 138, 12, 140, 10, 106, 8, 104, 6, 70, 4, 36, 2, 2]
Game 4
14863
16422
17248
17134
18195
18240
18620
17336
15585
16737
14775
15916
14487
13622
12991
12757
12993
12438
11732
11323
10867
10652
10479
10486
10154
37283
48386
1
['s', 179, 's', 'w', 's', 'w', 193, 111, 'a', 223, 21, 209, 247, 103, 65, 's', 117, 255, 85, 197, 17, 251, 201, 3, 147, 7, 43, 280, 142, 278, 176, 276, 174, 242, 208, 240, 206, 238, 204, 170.0, 238, 172.0, 240, 138.0, 242, 104.0, 276]
Game 5
14902
15906
16852
16371
17945
17331
8593
14957
14549
14760
20347
14743
14907
14162
13449
12989
13060
13439
13598
13211
13410
13292
13521
13940
14991
13776
12375
14799
11615
18010
10395
14033
17936
34898
51175
51523
66411
66171
0
['s', 265, 's', 'w', 's', 261, 229, 'a', 225, 'a', 241, 'd', 97, 181, 103, 'd', 's', 'd', 27, 'd', 157, 'w', 211, 'w', 'd', 269, 'a', 143, 'w', 75, 165, 93, 37, 111, 's', 1, 'w', 233, 144, 184, 178, 186, 180, 152, 146, 118, 112, 84, 114, 50, 116, 16]
Game 6
15103
16684
15839
16289
14425
14873
13640
13044
12536
23916
13336
12633
12171
11662
11249
10866
10770
10410
10244
9036
9801
28194
32047
34802
0
['s', 'w', 25, 161, 55, 59, 29, 45, 'a', 5, 37, 65, 73, 99, 181, 149, 157, 153, 199, 139, 219, 'd', 251, 265, 6, 250, 8, 216, 10, 218, 12, 252, 14, 286, 16, 288, 50, 254, 48, 220, 46, 186, 80, 152, 114, 118, 116, 114.0, 150, 80.0, 184, 46.0, 186, 48.0, 220, 50.0, 254, 16.0]
Game 7
14512
16464
17369
16971
17827
18004
18706
18949
33681
19570
20051
18744
20921
17015
16151
15167
14723
14592
13805
13050
12609
11917
11884
11512
10762
16595
37045
36066
32333
22190
21931
50045
52134
74819
75637
0
['s', 175, 's', 'w', 's', 'w', 's', 'w', 's', 227, 'd', 231, 'd', 235, 23, 251, 'a', 195, 27, 107, 19, 51, 45, 1, 163, 207, 145, 'a', 113, 's', 97, 'd', 133, 'd', 65, 182, 212, 184, 210, 150, 176, 148, 142, 114, 108, 116, 74, 118, 72, 84, 106, 82, 140, 80, 174, 46, 208, 48, 242, 14]
Game 8
14692
12318
12725
13393
14350
14241
13947
13353
12743
13215
12257
13155
12382
12895
12140
12499
12061
12588
13324
13143
18088
13270
13654
14308
14854
10930
12546
10936
10336
10319
14168
35786
36370
37695
40708
41117
0
[127, 259, 89, 'w', 's', 'd', 131, 57, 31, 'w', 'a', 5, 'd', 43, 'w', 175, 'd', 'w', 145, 'd', 151, 's', 's', 'd', 27, 'a', 213, 183, 105, 95, 3, 201, 's', 123, 'd', 255, 82, 250, 116, 284, 114, 282, 112, 280, 110, 246, 76, 244, 74, 242, 72, 208, 70, 174, 104, 172, 138, 104.0, 172, 70.0, 206, 36.0, 240, 2.0]
