Game 1
14839
16118
16780
17213
18153
17841
18482
19599
14254
16887
14532
15467
14300
14325
12864
16482
12002
12422
10811
15965
9186
8527
8519
11471
24076
29844
30136
0
['s', 181, 's', 'w', 's', 'w', 's', 229, 195, 259, 191, 113, 209, 187, 61, 93, 65, 41, 199, 89, 21, 1, 125, 239, 251, 'a', 219, 244, 142, 246, 140, 248, 106, 250, 104, 216, 70, 218, 36, 252, 2, 286, 4, 288, 6, 254, 8, 220, 42, 186, 76, 152, 78, 118, 80, 84, 114, 82, 148, 80, 182, 78, 184, 76, 186, 42, 220, 8]
Game 2
14788
12409
11250
12265
11595
12155
12454
12536
10929
14427
13694
13569
11058
9981
14343
8975
9441
8572
7985
7854
10784
15244
15483
16010
16550
16790
0
[125, 163, 263, 155, 53, 191, 'd', 'a', 159, 167, 119, 221, 259, 'a', 241, 'd', 267, 73, 1, 129, 69, 11, 'a', 81, 'a', 59, 40, 280, 74, 282, 76, 284, 78, 286, 80, 288, 46, 254, 48, 220, 82, 186, 116, 184, 150, 182, 148, 180, 146, 178, 144, 176, 142, 174, 140, 172, 138, 170, 136, 138, 170, 140, 204, 142, 206, 144, 208, 146, 242, 148, 244, 150, 246, 116, 248, 82, 250, 48, 252, 14]
Game 3
15344
16075
16932
17149
17569
17774
18912
19386
33084
19295
17886
17231
16403
15673
14579
18505
14708
13651
13290
10962
10626
10405
10111
10079
10642
14535
17343
56341
58545
55661
57442
66827
66673
1
['s', 145, 's', 'w', 's', 'w', 's', 'w', 's', 229, 159, 27, 55, 181, 9, 177, 129, 199, 133, 1, 153, 3, 13, 5, 'd', 7, 63, 's', 'w', 'w', 257, 's', 81, 214, 146, 180, 148, 146, 182, 148, 184, 182, 186, 184, 220, 186, 254, 220, 288]
Game 4
14667
16159
15646
14823
14022
14095
15918
14335
13861
14261
12054
12921
13127
13782
12512
12907
21413
12856
13100
11615
11075
10520
10000
10561
13982
8945
15274
20346
21842
22207
0
['s', 'w', 25, 263, 21, 259, 29, 267, 17, 255, 'd', 'd', 'd', 'd', 's', 'd', 65, 'a', 61, 71, 205, 163, 207, 167, 57, 159, 53, 155, 'd', 103, 116, 216, 150, 182, 148, 180, 146, 178, 144, 176, 142, 174, 140, 172, 138, 170, 104, 136, 70, 102, 68, 34.0, 102, 36.0, 136, 38.0, 170, 40.0, 172, 42.0, 174, 44.0, 208, 46.0, 242, 48.0, 244, 50.0, 246, 16.0]
Game 5
14742
16009
16944
16636
17959
17814
18739
19801
14745
25537
16217
16816
16381
17049
13720
13668
13994
12859
14401
12452
12081
10218
10952
11162
10965
14382
12373
11617
11996
22259
23572
25837
0
['s', 43, 's', 'w', 's', 'w', 's', 229, 'a', 225, 161, 'a', 191, 255, 53, 'a', 17, 'a', 187, 233, 211, 111, 99, 181, 5, 91, 'w', 107, 63, 's', 129, 27, 142, 242, 176, 276, 174, 278, 140, 280, 106, 246, 72, 248, 74, 250, 40, 252, 6, 254, 8, 220, 10, 186, 12, 152, 14, 118, 48, 116, 46, 114, 44, 80, 78, 82, 112, 84, 114, 50, 116, 16]
Game 6
14761
16108
16731
16697
17541
17340
19016
19414
14429
18322
14741
16965
14294
14076
17339
13916
12810
15677
12335
11830
11697
10317
11566
23555
9646
12134
33994
35399
36086
37167
37216
1
['s', 191, 's', 'w', 's', 'w', 's', 227, 59, 231, 55, 177, 29, 'w', 'd', 235, 'a', 109, 63, 141, 161, 9, 147, 93, 49, 11, 99, 's', 71, 'd', 131, 216, 110, 182, 112, 148, 114, 150, 80, 152, 78, 118, 76, 116, 74, 114, 108, 80, 106, 78, 140, 76, 174, 74, 172, 108, 206, 106, 240, 140, 274]
Game 7
15130
16003
15590
16073
17379
17064
17706
17939
18270
18009
33214
19428
18131
17850
17767
16751
27974
15453
22559
14769
18779
13012
13069
10832
10744
10203
10026
9806
14818
35390
44742
1
['s', 161, 'a', 'w', 's', 'w', 's', 'w', 's', 'a', 's', 259, 229, 245, 157, 255, 153, 233, 165, 269, 147, 265, 99, 'd', 95, 31, 77, 201, 27, 1, 23, 212, 214.0, 216.0, 218.0, 182.0, 220.0, 184.0, 254.0, 186.0, 252.0, 152.0, 250.0, 118.0, 248.0, 116.0, 246.0, 114.0, 280.0]
Game 8
14726
16188
17089
17033
17365
17688
18519
19215
14181
15640
16322
15833
15762
23091
15903
13831
15206
13977
13761
12386
10118
9919
8152
7635
8460
10410
14606
13633
12847
20907
23491
24221
26371
1
['s', 79, 's', 'w', 's', 'w', 's', 227, 193, 'd', 163, 143, 127, 179, 'd', 167, 231, 97, 217, 49, 267, 13, 'd', 93, 19, 7, 'w', 'w', 55, 'd', 51, 'd', 189, 218, 116, 252, 118, 254, 84, 288, 50, 286, 16, 284, 14, 282, 48, 248, 82, 246, 80, 244, 46, 242, 44, 208, 78, 206, 76, 204, 74, 170, 108, 136, 142, 102, 176, 68, 174, 70, 172, 72, 170, 74, 204, 76, 238, 42, 272]
