Game 1
14401
11420
15077
14629
16972
13363
12633
14239
13742
14797
14532
14645
16040
13955
14533
14730
14984
20077
14331
15826
13990
14413
12885
14256
13287
13136
12465
12541
11980
12202
11950
12137
11172
10680
10341
15680
29941
31414
32734
33965
32988
1
[127, 'a', 259, 'a', 241, 'd', 's', 'd', 's', 'w', 21, 'a', 225, 'd', 's', 'w', 'd', 113, 'a', 75, 'w', 43, 'w', 7, 's', 45, 'w', 265, 'w', 65, 'd', 29, 51, 55, 97, 201, 213, 's', 145, 'a', 233, 246, 12, 280, 14, 282, 16, 284, 50, 286, 48, 252, 46, 250, 80, 248, 82, 214, 84, 180, 118, 182, 152, 148, 186, 114, 184, 116, 182, 118, 216, 84, 218, 82, 220, 80, 254, 46, 288]
Game 2
15023
16325
17260
16984
17949
17710
18335
19884
14647
15996
16202
15373
14695
14431
13690
14506
12768
11597
11544
11008
10569
10113
10004
10602
9853
9871
14897
36874
43353
43804
50543
53260
78087
78876
1
['s', 177, 's', 'w', 's', 'w', 's', 227, 161, 'w', 181, 17, 3, 109, 261, 113, 249, 's', 21, 257, 39, 45, 13, 'd', 57, 69, 9, 's', 'w', 'a', 'w', 247, 'a', 207, 108, 244, 142, 242, 176, 208, 174, 140.0, 172, 106.0, 206, 108.0, 240, 74.0, 238, 76.0, 272]
Game 3
15066
16388
15215
15453
15194
14015
13656
14015
12816
13775
12494
12231
11886
12239
15716
11325
17603
10602
10041
9625
9209
9047
9029
9003
33238
39832
1
['s', 'w', 25, 161, 21, 157, 29, 267, 'd', 61, 85, 167, 'a', 'w', 65, 'a', 37, 233, 257, 127, 149, 77, 35, 207, 57, 225, 40, 176, 38, 174, 72, 172, 106, 138, 140, 104, 138, 106, 172, 72, 206, 38, 240, 40, 238, 42, 272]
Game 4
14996
16193
17242
16904
17488
18248
18764
19335
15106
17694
13995
16925
16138
16184
14229
14130
16368
13146
12910
12768
12029
11574
15625
10651
12199
21026
27536
29398
28949
27760
27681
1
['s', 171, 's', 'w', 's', 'w', 's', 229, 57, 261, 'a', 257, 's', 193, 161, 'a', 209, 239, 95, 233, 31, 143, 179, 153, 9, 111, 27, 's', 73, 'd', 19, 248, 142, 250, 108, 252, 74, 254, 76, 220, 78, 186, 80, 152, 82, 118, 116, 84, 150, 82, 184, 80, 218, 78, 220, 76, 254, 110, 288]
Game 5
14776
16248
15537
16046
14602
14266
15532
15615
14878
14619
12826
13220
13468
13186
12655
12993
20079
12717
12653
11639
11266
10792
10349
10333
9818
9630
14256
38376
36984
38559
1
['s', 'w', 25, 263, 21, 259, 29, 267, 17, 255, 'd', 'd', 'd', 'd', 's', 'd', 65, 'a', 61, 3, 7, 151, 249, 159, 53, 35, 201, 163, 's', 183, 148, 216, 146, 182, 144, 180, 142, 178, 140, 176, 174, 172.0, 208, 138.0, 210, 104.0, 212, 70.0, 214, 72.0, 216, 74.0, 250, 76.0, 252, 42.0, 254, 44.0, 288]
Game 6
14810
15931
15665
15269
15003
14707
13347
13689
12566
19582
12230
11752
11242
10793
9583
9202
9230
8803
8588
11123
28332
26143
0
['s', 'w', 25, 161, 55, 59, 29, 45, 19, 51, 165, 105, 117, 99, 107, 1, 91, 211, 263, 37, 143, 251, 40, 248, 6, 250, 8, 284, 10, 282, 12, 280, 14, 278, 16, 244, 50, 210, 84, 176, 82, 142, 80, 108, 114, 110, 112, 114.0, 110, 80.0, 108, 46.0, 142, 48.0, 176, 50.0, 210, 16.0]
Game 7
14850
16161
17383
17173
17503
22542
14850
14489
14233
15223
14819
14699
13540
17965
13231
19572
10368
9815
9510
9078
8996
8955
13887
18404
39391
41216
42516
0
['s', 77, 's', 'w', 57, 91, 129, 'w', 'a', 121, 53, 125, 'a', 153, 99, 139, 197, 157, 185, 13, 215, 177, 245, 11, 145, 's', 167, 280, 70, 282, 68, 284, 34, 250, 36, 216, 38, 218, 40, 184, 42, 182, 44, 148, 78, 150, 112, 116, 114, 112.0, 116, 78.0, 150, 44.0, 148, 10.0]
Game 8
14622
16289
17316
17316
18029
17809
19052
19858
14968
17883
14874
18717
14169
13682
13012
15694
13116
12307
11847
11359
10602
10301
10203
15415
26756
28281
22272
26661
27366
24933
25103
23145
23688
32869
33638
23629
23657
28743
23950
77485
82753
89095
88017
101173
105687
113948
118215
140911
125187
171994
175373
1
['s', 141, 's', 'w', 's', 'w', 's', 227, 91, 231, 27, 209, 'd', 235, 'w', 73, 195, 19, 31, 7, 'w', 47, 'a', 121, 199, 'd', 'a', 'd', 'w', 'a', 'a', 'd', 'a', 'd', 185, 'a', 103, 'a', 1, 'a', 's', 'a', 'a', 'w', 's', 'd', 's', 'w', 111, 's', 129, 180, 170, 146, 204, 148, 238, 150, 272]
