Game 1
14844
11802
15281
14637
14211
14759
17560
13805
18446
14429
14531
13750
12592
13204
13155
12411
12615
12216
11685
11344
17357
33839
35944
36795
42068
28135
14823
19030
20451
26045
31406
34414
44511
45743
50217
51072
55215
55353
60888
62122
77098
79281
124225
127393
0
[127, 'a', 225, 'w', 's', 'a', 241, 'd', 211, 's', 261, 199, 195, 'd', 133, 'd', 121, 173, 29, 165, 115, 143, 's', 79, 'a', 63, 'd', 153, 'w', 43, 'w', 247, 'd', 'd', 'd', 'd', 'd', 'd', 'd', 'w', 's', 'w', 's', 269, 82, 186, 80, 184, 114, 182, 148, 180, 146, 148, 180, 114, 182, 80, 184, 82, 186, 84, 220, 50, 254, 16]
Game 2
15034
16341
16427
14730
15301
10614
14293
13742
14558
14536
13844
14193
13831
19529
13655
18770
13255
20973
12137
11181
10728
10387
10066
9193
9193
12972
20656
22161
23094
23844
24018
25623
25661
27831
27907
28378
29312
0
['s', 'w', 23, 159, 129, 111, 19, 'w', 's', 189, 'a', 'w', 's', 107, 'w', 39, 'd', 133, 175, 27, 49, 149, 227, 155, 231, 221, 181, 'd', 'w', 'w', 'd', 'd', 'd', 's', 85, 's', 63, 218, 48, 252, 14, 250, 12, 248, 10, 246, 8, 244, 6, 242, 4, 208, 2, 206, 0, 204, 34, 170, 68, 136, 70, 102, 72, 104, 106, 72, 140, 38, 138, 36, 136, 34, 170, 0]
Game 3
14369
12788
12942
13944
13609
11258
12705
12541
12395
14887
12181
12538
12380
13088
11931
12185
13021
13908
9678
9252
9095
8565
8422
8386
8458
24377
25889
0
[127, 259, 89, 'd', 131, 23, 65, 'w', 'a', 5, 'd', 'a', 'd', 27, 85, 81, 123, 255, 55, 167, 179, 19, 'd', 1, 95, 263, 229, 244, 14, 210, 48, 176, 46, 142, 80, 140, 78, 138, 76, 104, 110, 106, 108, 110.0, 106, 76.0, 104, 42.0, 138, 44.0, 172, 46.0, 206, 48.0, 240, 14.0]
Game 4
14522
16134
16605
16386
17434
17956
8914
15175
14645
15327
15150
15161
15406
15165
16770
16857
16611
12737
13837
13910
20805
13713
13781
13080
16035
12551
12428
11993
13006
13494
13039
12703
14599
13361
37226
68768
80945
85792
93074
94814
108122
107689
122698
127272
208216
210816
283775
268340
0
['s', 259, 's', 'w', 's', 263, 227, 'd', 95, 267, 's', 'w', 25, 'a', 125, 255, 'd', 'w', 's', 'd', 99, 'a', 143, 'w', 129, 's', 's', 217, 115, 197, 'a', 'sa', 121, 179, 85, 151, 'w', 219, 'w', 'w', 'd', 'a', 's', 'a', 'd', 'w', 'd', 51, 150, 136, 116, 102, 118, 104, 152, 106, 186, 72, 220, 38, 254, 4]
Game 5
14667
16642
16127
16521
17315
16112
13527
14505
14562
14957
14767
12946
11493
12384
11096
13970
9208
13073
8775
11225
11032
18632
19839
0
['s', 123, 's', 'w', 229, 127, 97, 79, 51, 119, 65, 59, 247, 41, 225, 21, 207, 167, 147, 91, 199, 235, 27, 280, 78, 278, 112, 276, 110, 274, 108, 240, 106, 206, 72, 172, 38, 174, 36, 208, 2, 210, 4, 212, 6, 214, 8, 216, 42, 218, 44, 220, 46, 186, 80, 184, 82, 182, 84, 148, 118, 114, 152, 116, 150, 118, 148, 84, 182, 82, 184, 80, 186, 46, 220, 48, 218, 14]
Game 6
15456
16376
15456
15032
14945
14045
16761
14085
14709
13853
12581
13121
12739
13325
11723
13061
21296
12847
13022
11641
11218
10834
10155
9478
8597
8377
11925
29311
35211
35624
1
['s', 'w', 23, 261, 27, 265, 19, 257, 31, 269, 'a', 'a', 'a', 'a', 's', 'a', 51, 'd', 55, 155, 49, 89, 59, 221, 147, 107, 47, 93, 'd', 173, 76, 208, 78, 174, 80, 176, 114, 142, 148, 108, 182, 110, 216, 112, 250, 114, 248, 80, 246, 46, 244, 44, 242, 42, 240, 40, 238, 38, 272]
Game 7
14502
15868
17158
17190
18033
17620
18958
20302
15229
17482
28259
17617
16490
22130
22320
23979
15590
19015
11128
10524
10101
9705
9478
9421
10257
14395
48658
62579
65559
0
['s', 207, 's', 'w', 's', 'w', 's', 263, 125, 'w', 's', 211, 145, 213, 121, 259, 239, 187, 97, 133, 23, 87, 1, 225, 3, 231, 5, 'a', 9, 142, 178, 140, 144, 138, 142, 136, 140, 102, 138, 68, 136, 34, 102, 0]
Game 8
14590
12936
12415
13176
14397
14018
14785
13441
13202
12911
12703
14107
12341
12121
17332
11470
10895
13061
12405
10595
10852
10270
14199
12408
14329
14723
18621
19241
1
[127, 225, 21, 'w', 's', 'd', 131, 57, 65, 'a', 'a', 39, 229, 167, 241, 255, 215, 9, 263, 87, 61, 'a', 267, 147, 'd', 199, 'w', 211, 6, 278, 4, 280, 2, 282, 36, 284, 70, 286, 68, 288, 102, 254, 104, 220, 106, 186, 108, 184, 110, 182, 112, 148, 114, 150, 116, 152, 118, 84.0, 152, 118.0, 150, 116.0, 148, 114.0, 182, 112.0, 184, 110.0, 186, 108.0, 220, 106.0, 254, 104.0, 288]
