Game 1
15076
16459
15371
16041
14496
15761
15826
16357
16760
16396
16392
16225
14995
14445
14106
14006
14321
14571
14697
18543
15318
18710
14572
15089
11740
8997
8997
11568
8226
7802
9368
22205
24025
0
['s', 159, 's', 'd', 265, 'a', 's', 'w', 'd', 'd', 231, 129, 97, 269, 'a', 'a', 's', 'w', 'd', 163, 177, 109, 133, 149, 227, 93, 209, 45, 189, 65, 205, 27, 241, 214, 144, 216, 110, 218, 112, 252, 114, 250, 116, 248, 118, 246, 84, 280, 82, 278, 80, 276, 46, 242, 48, 208, 14, 206, 12, 240, 10, 274, 8, 272, 42, 238, 76, 204, 74, 170, 108, 136, 142, 102, 140, 68, 174, 34, 172, 0]
Game 2
15288
16491
15498
15654
14802
14693
13772
13210
12677
19065
12225
11594
11085
11154
10919
10567
10289
10212
9403
9125
9023
30236
36734
0
['s', 'w', 25, 161, 55, 59, 29, 45, 19, 51, 131, 107, 'a', 167, 77, 219, 1, 117, 65, 197, 177, 175, 227, 248, 6, 214, 8, 212, 10, 178, 12, 180, 14, 182, 16, 148, 50, 146, 48, 112, 46, 114, 80, 46.0, 114, 48.0, 112, 50.0, 146, 16.0]
Game 3
14952
16147
15734
15110
14681
12404
14127
14188
12839
13235
11859
19549
11689
11681
10913
10925
10433
10085
10023
9805
9709
22516
21740
59559
65081
67808
70508
91248
94886
0
['s', 'w', 23, 159, 61, 163, 53, 57, 29, 47, 'a', 1, 'd', 43, 'a', 229, 83, 177, 71, 245, 115, 93, 3, 'd', 'a', 'd', 265, 'd', 39, 218, 4, 184, 6, 150, 8, 116, 10, 82, 12, 48, 14, 50, 16, 16]
Game 4
14889
12040
15307
14249
16489
14958
14419
14007
14877
13357
13415
13593
13033
16298
13244
18527
11859
10967
10775
9327
9209
9610
9626
9941
11938
12276
19094
19458
20070
20362
21587
21841
23752
24227
25831
26018
27498
28211
30481
30917
33503
33924
36018
36403
39547
40186
44463
44648
50384
52500
0
[127, 'a', 's', 'w', 225, 'd', 89, 'd', 131, 59, 'a', 221, 's', 41, 65, 39, 229, 167, 233, 269, 215, 's', 81, 85, 27, 45, 'w', 239, 'w', 'd', 'd', 'w', 'd', 'd', 'd', 'd', 'd', 'w', 's', 'a', 'a', 'w', 's', 'a', 's', 'a', 'a', 'a', 'a', 145, 108, 144, 142, 140.0, 176, 106.0, 210, 108.0, 212, 110.0, 214, 112.0, 180, 114.0, 182, 80.0, 216, 46.0, 218, 48.0, 220, 14.0]
Game 5
14976
11858
15111
13909
16039
14517
16147
10897
14241
13937
12870
11839
14453
11747
14557
12683
11770
11408
10967
10437
14106
22122
22999
23060
19924
21649
21743
21837
21669
21691
1
[127, 'a', 's', 'w', 123, 'w', 119, 233, 29, 263, 25, 'w', 147, 's', 215, 269, 99, 43, 255, 79, 49, 1, 'a', 131, 'a', 37, 'w', 91, 'a', 85, 4, 244, 38, 278, 72, 280, 106, 282, 108, 284, 110, 250, 112, 252, 78, 254, 44, 220, 46, 186, 80, 152, 114, 118, 116, 114.0, 118, 80.0, 152, 46.0, 186, 44.0, 220, 78.0, 254, 112.0, 252, 110.0, 250, 108.0, 284]
Game 6
15043
12814
11780
13277
13490
14040
14061
15221
15210
14160
19572
13764
14495
13915
15149
15817
14416
13593
15676
13290
12774
12344
11538
17032
14169
11888
28247
18350
23944
28666
34918
36367
38467
42139
46658
47264
0
[125, 231, 27, 'w', 's', 'w', 's', 'd', 197, 'd', 183, 'a', 's', 'a', 'd', 161, 177, 'w', 147, 259, 153, 79, 105, 111, 87, 's', 31, 235, 'w', 75, 'w', 55, 'a', 255, 'a', 263, 38, 246, 36, 244, 70, 210, 72, 176, 74, 142, 108, 140, 106, 108, 140, 74, 174, 72, 208, 70, 242, 36, 244, 2]
Game 7
14939
16583
16707
16806
17583
17544
18862
19201
14979
17197
15612
14852
15689
13530
12845
12425
11876
11129
11189
10951
10785
10737
13032
17668
45130
65693
67232
1
['s', 191, 's', 'w', 's', 'w', 's', 263, 23, 211, 195, 233, 181, 221, 99, 145, 251, 13, 1, 27, 131, 41, 87, 3, 5, 's', 127, 248, 178, 250, 176, 284, 174, 282, 172, 280, 206, 278, 208, 244, 242, 210, 276]
Game 8
14789
16598
16935
17163
17684
17359
18715
19282
33502
19438
18037
17435
16429
15906
15569
16162
15989
13890
13725
18276
12657
11675
11375
10265
10552
15269
25311
31911
29329
24963
22070
23471
22978
29281
29348
37813
32730
62928
69454
74753
72575
77576
82485
1
['s', 199, 's', 'w', 's', 'w', 's', 'w', 's', 229, 93, 211, 159, 215, 'wa', 225, 'a', 221, 'd', 179, 123, 53, 139, 5, 27, 1, 89, 'a', 113, 'w', 'a', 'd', 'w', 'd', 'd', 'd', 131, 'a', 'd', 'w', 85, 's', 31, 180, 214.0, 182, 180.0, 148, 182.0, 150, 184.0, 152, 186.0, 118, 220.0, 84, 254.0, 50, 288.0]
