Game 1
14758
15949
17126
16820
17525
17650
19235
19056
13837
17633
14817
16767
16513
15442
16149
15972
14971
21068
14124
19187
16642
14365
21370
14549
18733
16897
12027
16593
11241
10998
10898
15763
38588
58358
67289
73547
79811
1
['s', 267, 's', 'w', 's', 'w', 's', 261, 25, 229, 'a', 'a', 123, 'w', 's', 209, 57, 211, 157, 223, 153, 'd', 'w', 'w', 'a', 173, 'd', 181, 17, 81, 61, 7, 149, 'd', 53, 'w', 73, 146, 178, 148, 144, 182, 146, 216, 148, 218, 182, 184, 216, 150, 250, 116, 248, 82, 282]
Game 2
14372
16338
17227
17084
18095
18102
18920
19949
14125
16232
15516
16164
15488
14174
14560
13687
12909
10691
10051
10273
10394
13734
8322
10840
10904
20682
20650
21686
21506
1
['s', 13, 's', 'w', 's', 'w', 's', 227, 193, 145, 213, 223, 189, 77, 119, 255, 137, 91, 5, 87, 'a', 37, 27, 269, 23, 'a', 65, 'd', 127, 210, 108, 208, 106, 206, 104, 204, 102, 238, 68, 240, 34, 242, 0, 276, 2, 278, 4, 280, 38, 282, 72, 248, 74, 214, 40, 180, 42, 146, 44, 148, 78, 114, 112, 80, 114, 46, 148, 44, 182, 42, 216, 76, 250, 74, 284]
