Game 1
16315
17228
17834
18336
15934
17351
17953
17198
16726
13852
14245
14641
15362
16554
14131
13843
22483
13473
17747
12397
11903
11162
10610
11310
11928
16884
16587
25436
26976
27153
0
['s', 'w', 25, 263, 21, 259, 29, 267, 17, 255, 'd', 'd', 'd', 'd', 's', 'd', 65, 'a', 61, 97, 179, 163, 227, 167, 57, 79, 89, 217, 'd', 223, 84, 248, 118, 246, 152, 244, 150, 242, 148, 240, 146, 238, 144, 204, 178, 170, 212, 136, 210, 102, 208, 68, 206, 34, 204, 36, 238, 38, 240, 40, 242, 42, 244, 44, 246, 46, 248, 48, 214, 50, 180, 16]
Game 2
15921
17295
17217
18871
17548
15685
14736
15800
13755
24018
14072
14101
13490
12931
12624
11982
11386
11455
11156
10691
10783
21713
24411
24791
25518
1
['s', 'w', 23, 159, 61, 57, 19, 39, 'd', 11, 'w', 119, 133, 153, 229, 53, 115, 29, 245, 123, 163, 127, 65, 's', 233, 246, 8, 248, 6, 250, 4, 252, 2, 254, 0, 220, 34, 186, 68, 184, 102, 182, 104, 180, 106, 178, 108, 176, 110, 174, 112, 140, 114, 142, 148, 144, 146, 148.0, 144, 114.0, 142, 112.0, 140, 110.0, 174, 108.0, 208, 106.0, 242, 72.0, 276]
Game 3
16258
17472
17933
17972
17798
16492
14800
15896
13811
23481
14072
13444
13144
13176
12487
11896
11643
11027
10162
9979
23270
22673
30918
32483
33225
1
['s', 'w', 25, 161, 55, 59, 29, 45, 'a', 5, 157, 93, 'w', 65, 17, 37, 97, 167, 249, 73, 181, 121, 173, 's', 245, 246, 8, 212, 10, 210, 12, 244, 14, 242, 16, 240, 50, 206, 48, 172, 46, 138, 80, 140, 82, 142, 84, 108, 118, 110, 152, 112, 150, 114, 148, 116, 182, 118, 216, 84, 250, 82, 284]
Game 4
16285
17508
17690
17879
18803
18312
19494
20673
35817
20521
19139
18514
17715
17230
16778
15373
14466
16429
21791
18530
15629
13242
11766
13540
11015
10665
12093
16145
47688
66108
65817
0
['s', 153, 's', 'w', 's', 'w', 's', 'w', 's', 227, 23, 213, 161, 175, 221, 195, 19, 'd', 165, 147, 27, 189, 'a', 207, 63, 219, 37, 1, 13, 'a', 85, 176, 142.0, 108.0, 74.0, 40.0, 108.0, 74.0, 110.0, 76.0, 112.0, 78.0, 114.0, 80.0, 148.0, 82.0, 150.0, 84.0, 152.0, 50.0, 186.0, 16.0]
