Game 1
16524
16907
17955
18137
19711
19313
20502
20781
36466
20606
19173
18616
19083
17534
26812
16639
18146
12219
11943
11041
11085
10755
10096
10000
9768
13588
38179
42374
43088
0
['s', 65, 's', 'w', 's', 'w', 's', 'w', 's', 227, 127, 179, 159, 223, 155, 255, 137, 241, 51, 7, 55, 109, 1, 233, 3, 95, 45, 'sa', 25, 208, 210, 206, 208, 204, 206, 170, 204, 136, 170, 102, 136, 68, 102, 70, 68, 72, 70, 74, 72, 76, 74, 110, 76, 112, 110, 114, 112, 116, 114, 82, 148, 80, 182, 46, 216, 12]
Game 2
15872
16974
17376
18539
18257
15731
15312
15476
13849
23012
14094
13353
12965
12612
12215
12088
12062
11265
14017
13992
13698
34993
39779
0
['s', 'w', 23, 159, 61, 57, 19, 39, 'd', 11, 195, 153, 81, 31, 175, 229, 245, 259, 233, 255, 117, 269, 65, 248, 10, 250, 8, 252, 6, 254, 4, 220, 2, 186, 0, 184, 34, 150, 68, 148, 102, 114, 136, 112, 138, 110, 140, 108, 142, 106, 144, 72, 146, 38, 180, 36, 182, 34, 216, 0]
Game 3
16508
17382
17622
17588
18911
18713
20035
20121
17711
19698
17955
26063
18260
17644
16793
16372
13195
14835
10655
10250
10121
9787
10302
14542
18643
39800
38937
48011
46756
0
['s', 191, 's', 'w', 's', 'w', 's', 229, 91, 177, 'd', 233, 161, 113, 165, 187, 65, 95, 9, 209, 61, 1, 23, 87, 3, 'd', 5, 'a', 11, 178, 112, 180, 110, 182, 108, 184, 106, 186, 104, 152, 102, 118, 68, 84, 70, 82, 72, 80, 74, 78, 76, 74.0, 78, 72.0, 80, 38.0, 82, 4.0]
Game 4
16508
17353
17598
18836
17785
16138
14753
15947
13833
23167
14021
13145
12963
12958
12598
11674
11449
10635
10524
10170
11268
16380
39580
46922
47324
0
['s', 'w', 25, 161, 55, 59, 29, 45, 'a', 5, 17, 85, 'w', 235, 99, 89, 165, 105, 127, 117, 77, 3, 229, 'a', 189, 210, 8, 176, 10, 142, 12, 144, 14, 146, 16, 148, 50, 114, 84, 80, 82, 46, 80, 48, 114, 50, 148, 16]
