Game 1
37904
46288
45356
40054
50338
41676
57404
45224
58733
58747
46558
63615
74533
60717
95745
50864
68682
56217
105890
53758
106848
57689
111739
77087
122242
98210
134400
103992
182825
235194
237081
0
[127, 'a', 's', 'w', 's', 'w', 's', 261, 123, 77, 53, 75, 'w', 9, 'w', 'a', 17, 187, 21, 257, 'a', 73, 131, 205, 65, 85, 191, 7, 29, 'd', 177]
Game 2
38354
52037
58413
63220
59805
49840
42995
54719
56267
59444
69871
28989
74960
30695
81758
35649
81661
44691
84960
71328
103452
148858
164621
153331
155966
0
['s', 'w', 23, 159, 61, 57, 19, 39, 'd', 11, 'w', 119, 81, 65, 155, 105, 195, 185, 213, 129, 261, 147, 191, 'a', 123]
