Game 1
39132
52658
56199
63254
58428
48542
44802
52464
56273
55979
69897
29233
73941
30776
103695
56468
102516
40905
73474
60481
88559
47148
117492
132629
147095
0
['s', 'w', 23, 159, 61, 57, 19, 39, 'd', 11, 'w', 153, 175, 139, 163, 189, 65, 29, 217, 235, 121, 221, 213, 'w', 193]
Game 2
39012
50874
57651
64107
63550
47902
44163
56557
55274
72814
68005
58486
85414
51676
91383
31527
95790
48421
106541
64032
126251
68862
97073
114871
93050
101261
96657
99491
67367
70641
73394
170322
174384
180388
182981
1
['s', 'w', 25, 161, 55, 59, 29, 45, 15, 37, 'a', 119, 'a', 19, 'd', 189, 'w', 251, 'a', 241, 'a', 261, 213, 'a', 193, 'a', 'a', 's', 65, 'd', 205, 'd', 231, 'a', 1]
