Game 1
38844
51421
55980
61743
54265
53734
52824
54848
51442
50334
43840
58736
26563
63164
29604
39253
44868
64539
64112
85773
100061
111199
1
['s', 'w', 23, 159, 27, 163, 19, 155, 31, 235, 85, 221, 173, 57, 77, 9, 1, 265, 71, 261, 149, 231]
Game 2
38497
51103
56863
64610
60430
48643
44690
52217
55438
58971
68637
26317
76469
35338
105728
40515
83306
47562
98899
89377
109586
111601
128941
154262
0
['s', 'w', 23, 159, 61, 57, 19, 39, 'd', 11, 133, 119, 109, 'a', 155, 137, 47, 37, 77, 129, 163, 31, 183, 267]
