Game 1
38691
51309
55658
57244
50902
51192
52360
50300
48981
46832
45790
47681
47478
44772
42025
46980
48758
46661
50586
65390
62772
62504
58367
63785
85711
96821
114448
117432
128367
144876
166073
194222
0
['s', 'w', 25, 263, 21, 259, 29, 267, 17, 255, 'd', 'd', 'd', 'd', 65, 235, 129, 197, 's', 'w', 61, 231, 57, 227, 179, 223, 53, 'd', 's', 'w', 'd', 115]
Game 2
38405
52260
57016
65140
60875
47716
42385
52687
56550
54178
68961
28641
73305
28198
81022
35128
101680
69656
126999
79863
112127
58997
134759
146637
148242
0
['s', 'w', 25, 161, 55, 59, 29, 45, 'a', 5, 'w', 269, 37, 17, 97, 83, 199, 167, 147, 149, 173, 125, 157, 'a', 209]
