Game 1
38479
50178
53117
61371
61832
47163
42131
51769
54371
47457
67682
26836
80498
30747
97831
36001
77663
36727
63524
60615
73630
59237
82166
85015
94932
0
['s', 'w', 25, 161, 55, 59, 29, 45, 'a', 5, 157, 235, 71, 'd', 231, 51, 181, 221, 213, 249, 'w', 225, 261, 121, 165]
Game 2
37717
52588
50538
62182
59002
48375
42136
51503
54304
57768
68532
27551
75920
29210
90770
55366
118835
78620
86153
67432
104757
122143
126075
0
['s', 'w', 23, 159, 61, 57, 19, 39, 'd', 11, 47, 255, 163, 131, 175, 167, 211, 259, 51, 31, 173, 185, 229]
