Game 1
38790
52189
61163
64800
53305
51402
56148
52476
49402
48968
58188
57657
55463
54813
48264
49056
56832
54464
54959
51106
81107
73472
52987
91574
94033
106020
104401
109188
108852
110094
97468
1
['s', 'w', 25, 161, 21, 157, 63, 59, 17, 41, 31, 167, 'd', 265, 'd', 269, 115, 261, 'd', 257, 129, 153, 229, 'a', 225, 'a', 'd', 'a', 's', 'a', 83]
Game 2
38962
50618
55765
67453
55252
51669
55544
52299
49249
53004
60794
56513
56091
56579
48730
50343
56916
54593
53026
55773
81089
74757
60214
124279
129554
135516
139006
136844
147278
157664
156811
162367
183364
1
['s', 'w', 25, 161, 21, 157, 63, 59, 17, 41, 31, 167, 'd', 265, 'd', 269, 115, 261, 'd', 257, 129, 109, 179, 'd', 'd', 'w', 's', 'w', 181, 's', 'a', 's', 83]
