Game 1
38326
51592
57777
56181
52891
52111
51906
49892
48777
46598
46290
47218
47538
45872
42563
46305
46638
50845
53475
53498
47529
44884
49592
54156
53091
69718
79577
112732
116120
203373
0
['s', 'w', 25, 263, 21, 259, 29, 267, 17, 255, 'd', 'd', 'd', 'd', 's', 'w', 65, 235, 61, 231, 57, 227, 53, 223, 113, 'a', 'a', 127, 143, 75]
Game 2
38478
52305
54817
63287
60593
49619
42668
55157
56510
61240
70374
28874
73782
27902
93498
62412
123410
100146
178820
161871
225587
188519
261984
364039
381560
0
['s', 'w', 23, 159, 61, 57, 19, 39, 'd', 11, 'w', 119, 47, 95, 107, 29, 177, 245, 183, 167, 181, 15, 231, 'w', 83]
