Game 1
37888
51235
57374
56416
46282
50328
52387
50635
48008
46987
44227
47806
47305
44345
42939
47750
47083
47750
50951
66971
61497
59848
61816
62985
86335
96710
113519
117790
127505
160396
174745
184791
0
['s', 'w', 25, 263, 21, 259, 29, 267, 17, 255, 'd', 'd', 'd', 'd', 65, 235, 129, 197, 's', 'w', 61, 231, 57, 227, 179, 223, 53, 'd', 's', 'w', 'd', 115]
Game 2
38238
52124
54862
52731
46984
50771
51858
49046
47384
47274
44576
47702
46886
43530
41762
47368
47318
54993
59698
55338
55721
54004
54326
73863
77305
105733
109863
108030
0
['s', 'w', 25, 263, 21, 259, 29, 267, 17, 255, 'd', 'd', 'd', 'd', 65, 235, 129, 'w', 's', 231, 61, 227, 57, 223, 53, 77, 145, 177]
