Game 1
38382
51641
56530
56005
52526
51202
50834
48564
47723
47075
45597
47220
47714
44414
42868
45669
46637
52177
55531
53067
56519
58389
63509
71531
43968
80284
89828
88875
1
['s', 'w', 25, 263, 21, 259, 29, 267, 17, 255, 'd', 'd', 'd', 'd', 's', 'w', 65, 201, 61, 197, 57, 193, 53, 189, 119, 141, 171, 75]
Game 2
38167
51538
52965
62093
58258
49999
43240
53007
55628
58487
69673
28657
73392
27995
89762
48368
108907
90878
139325
99033
105229
99978
107029
94043
96811
105730
0
['s', 'w', 23, 159, 61, 57, 19, 39, 'd', 11, 'w', 119, 51, 259, 225, 99, 107, 81, 229, 221, 215, 's', 267, 'd', 145, 147]
