Game 1
38341
52081
56267
54889
48394
52256
51478
48877
48669
47154
46169
47388
47687
44532
41304
50237
47984
49124
50210
66860
59983
61147
55631
56544
57791
83593
106917
176016
0
['s', 'w', 25, 263, 21, 259, 29, 267, 17, 255, 'd', 'd', 'd', 'd', 65, 235, 129, 163, 's', 'w', 61, 183, 57, 159, 53, 107, 175, 77, 114, 250, 116, 248, 150, 246, 148, 244, 146, 242, 144, 208, 110, 174, 76, 140, 74, 106, 72, 70, 106, 68, 140, 34, 174, 36, 208, 38, 242, 40, 244, 42, 246, 44, 248, 46, 250, 48, 252, 50, 254, 16]
Game 2
39002
53966
53672
58334
59789
49237
42839
50831
56128
62269
70338
29102
71734
28941
97048
46181
86718
56657
64744
78080
94312
91082
93178
74930
76064
0
['s', 'w', 23, 159, 61, 57, 19, 39, 'd', 11, 'w', 119, 183, 15, 163, 247, 155, 137, 227, 269, 209, 265, 65, 's', 259, 278, 8, 276, 6, 274, 4, 240, 2, 206, 0, 172, 34, 174, 68, 176, 102, 210, 104, 212, 106, 214, 140, 248, 142, 250, 144, 252, 146, 218, 148, 184, 150, 116.0, 184, 114.0, 218, 112.0, 252, 110.0, 250, 108.0, 216, 106.0, 182, 72.0, 180, 38.0, 178, 36.0, 176, 34.0, 174, 0.0]
