Game 1
39039
52056
55337
55674
52783
53188
51478
50260
48251
47562
45644
47564
47512
46134
41816
46640
46982
51890
57180
53496
45311
44611
50571
52218
56292
91461
120321
184468
0
['s', 'w', 25, 263, 21, 259, 29, 267, 17, 255, 'd', 'd', 'd', 'd', 's', 'w', 65, 235, 61, 231, 57, 227, 53, 223, 109, 129, 81, 123]
Game 2
38595
50781
61566
63109
61280
50170
43481
54637
56459
70636
70019
57027
78457
56244
77940
60935
60512
48686
63254
65554
74792
93022
100825
95786
1
['s', 'w', 23, 159, 61, 57, 19, 39, 1, 47, 'd', 'w', 179, 133, 175, 129, 243, 97, 229, 189, 211, 125, 51, 29]
