Game 1
38311
50498
55604
64607
55022
52494
55965
56834
48583
53649
50603
59484
31724
68250
37716
63950
50374
78360
61126
82712
85914
88165
1
['s', 'w', 25, 161, 21, 157, 29, 165, 17, 153, 99, 201, 95, 59, 77, 69, 3, 197, 193, 15, 261, 257]
Game 2
38601
51733
57367
66160
59721
48141
42818
51981
56129
58415
67982
27251
83614
32477
93571
41115
80714
52092
87544
63116
100345
75413
109046
55221
63189
69014
62585
132431
143129
144873
151722
158529
169542
167776
185087
214671
223771
311005
311703
0
['s', 'w', 25, 161, 55, 59, 29, 45, 'a', 5, 157, 133, 179, 153, 165, 201, 'w', 51, 'd', 139, 'd', 'd', 231, 269, 'd', 'd', 259, 'd', 'd', 'w', 'd', 'a', 's', 'w', 'a', 'd', 81, 'd', 49]
