Game 1
39006
51278
51396
65765
60076
49739
43018
56280
56703
60410
72033
29423
73901
26866
86547
36401
100171
40107
94841
63574
101823
56390
76790
52168
98795
106971
106619
0
['s', 'w', 23, 159, 61, 57, 19, 39, 'd', 11, 'w', 119, 'a', 113, 47, 'a', 155, 105, 163, 269, 99, 265, 225, 15, 245, 'a', 183]
Game 2
38762
51044
57398
50774
51736
51390
50813
49949
47579
45989
46312
47725
47281
45746
42592
46610
46447
56774
59438
56052
57217
53765
54137
74330
77584
106570
110821
108487
0
['s', 'w', 25, 263, 21, 259, 29, 267, 17, 255, 'd', 'd', 'd', 'd', 65, 235, 129, 'w', 's', 231, 61, 227, 57, 223, 53, 77, 145, 177]
