Game 1
39058
51204
57310
63709
52964
53020
54415
56989
49252
53216
48737
51534
32098
66943
36493
64172
48980
80059
62158
89272
73442
107266
145377
147133
1
['s', 'w', 25, 161, 21, 157, 29, 165, 17, 153, 99, 201, 95, 59, 77, 63, 3, 197, 39, 'w', 53, 177, 'a', 229]
Game 2
38664
50682
57900
51963
53071
51024
51871
49336
47981
46958
46033
46648
47756
44077
42783
47268
46714
51501
54906
54189
45981
45686
50188
53423
51113
74872
81728
177049
184875
195740
0
['s', 'w', 25, 263, 21, 259, 29, 267, 17, 255, 'd', 'd', 'd', 'd', 's', 'w', 65, 235, 61, 231, 57, 227, 53, 223, 113, 'a', 141, 163, 'a', 77]
