Game 1
38831
51532
49851
66908
59032
50937
54270
53487
51173
52646
47967
57258
31913
68163
37220
65002
52515
84067
73625
95064
129735
132842
1
['s', 'w', 25, 161, 21, 157, 29, 165, 17, 153, 99, 201, 95, 59, 77, 37, 39, 189, 121, 107, 15, 197]
Game 2
38473
50065
57883
64023
64499
48199
42635
53143
56400
70740
68182
54826
76130
44308
37166
41793
64479
60640
67287
46439
73549
45133
60273
66548
72992
82682
83011
0
['s', 'w', 25, 161, 55, 59, 29, 45, 15, 37, 'a', 153, 'w', 157, 65, 19, 165, 201, 'a', 197, 193, 'a', 189, 255, 209, 's', 221]
