Game 1
39044
52901
56194
64327
60843
48751
42364
64356
49710
47551
50885
59581
62357
49357
75406
36058
52388
39438
63460
67874
80415
56357
85081
56912
62985
72757
116842
126169
126071
0
['s', 'w', 25, 161, 89, 59, 29, 'a', 85, 45, 'a', 93, 'w', 133, 'd', 129, 109, 'd', 165, 235, 'd', 231, 227, 7, 209, 247, 191, 's', 267]
Game 2
38016
53772
56206
63845
65662
48998
43597
51661
57140
59264
68320
28244
76779
33134
95682
48819
112746
64968
102203
71551
116890
124858
140392
0
['s', 'w', 25, 161, 55, 59, 29, 45, 'a', 5, 17, 235, 77, 37, 215, 155, 147, 229, 247, 267, 191, 217, 211]
