Game 1
37623
50776
55155
67521
60654
49634
41982
56702
51375
59309
57723
53499
54693
67250
45309
68794
92772
98192
41712
70654
70140
73175
74351
80572
82426
59082
93655
85220
97518
92213
116531
117912
0
['s', 'w', 25, 161, 89, 59, 29, 'w', 177, 'd', 181, 's', 249, 'a', 191, 45, 85, 93, 209, 21, 223, 235, 'a', 231, 'a', 255, 'a', 's', 'w', 227, 'd', 141]
Game 2
38720
53149
54760
59526
57877
49229
42548
50967
55727
50282
67884
27215
84532
35360
107534
52269
99875
61501
117109
69943
124860
123730
115120
111074
0
['s', 'w', 23, 159, 61, 57, 19, 39, 'd', 11, 241, 221, 175, 'w', 163, 225, 181, 49, 31, 115, 213, 109, 13, 269]
