Game 1
38923
52526
54362
65512
56458
53145
55599
55105
49087
53102
49893
58701
31750
66203
36118
63421
47035
76078
60780
73566
85743
89171
1
['s', 'w', 25, 161, 21, 157, 29, 165, 17, 153, 99, 235, 95, 59, 77, 227, 15, 91, 267, 223, 191, 263]
Game 2
39156
50392
60317
62226
57874
50001
43310
52685
56594
61148
69860
29056
78137
26762
84375
36221
88657
76461
114122
89599
114536
102775
137230
157632
167397
0
['s', 'w', 23, 159, 61, 57, 19, 39, 'd', 11, 'w', 85, 133, 31, 123, 153, 75, 47, 189, 53, 141, 255, 209, 'a', 261]
