Game 1
39661
50384
57890
67709
55900
52064
55824
54273
50996
50669
60707
56459
56755
56141
48905
50323
59049
48391
50536
54267
81222
72875
61886
123352
130400
136153
139905
138587
148845
157345
163114
166035
176514
1
['s', 'w', 25, 161, 21, 157, 63, 59, 17, 41, 31, 167, 'd', 265, 'd', 269, 'd', 261, 115, 257, 129, 109, 179, 'd', 'd', 'w', 's', 'w', 181, 's', 'a', 's', 83]
Game 2
39579
52580
57126
51105
53243
52791
50971
49863
48353
47516
46018
47604
48294
44921
43890
47175
49047
48079
50879
66183
61843
63063
59712
62706
88656
97330
115691
117796
127710
148070
171592
187163
0
['s', 'w', 25, 263, 21, 259, 29, 267, 17, 255, 'd', 'd', 'd', 'd', 65, 235, 129, 197, 's', 'w', 61, 231, 57, 227, 179, 223, 53, 'd', 's', 'w', 'd', 115]
