Game 1
38375
51778
52966
62347
59163
48498
42630
57853
56087
62221
70338
28664
73698
29604
104670
56436
110709
60411
105041
80294
129463
68748
138200
168995
190145
0
['s', 'w', 23, 159, 61, 57, 19, 39, 'd', 11, 'w', 51, 147, 71, 99, 47, 155, 121, 111, 125, 197, 15, 179, 'd', 215, 282, 8, 284, 6, 250, 4, 216, 2, 218, 0, 184, 34, 150, 36, 116, 38, 114, 72, 80, 106, 78, 108, 76, 74, 110, 76, 108, 78, 106, 112, 72, 114, 38, 148, 36, 182, 34, 184, 0]
Game 2
39403
54550
57590
67997
50735
51747
53599
56988
51070
51603
50626
56767
32508
68155
36911
64891
44532
74862
64252
82941
69658
75304
80387
83046
1
['s', 'w', 25, 161, 21, 157, 29, 165, 17, 153, 99, 201, 95, 59, 77, 197, 39, 189, 15, 'w', 193, 3, 'a', 221, 74, 210, 108, 208, 142, 206, 144, 204, 146, 170, 148, 172, 150, 174, 152, 176, 186, 178, 184, 180, 182, 184.0, 180, 186.0, 178, 152.0, 176, 150.0, 174, 148.0, 172, 146.0, 170, 144.0, 204, 110.0, 206, 76.0, 208, 74.0, 242, 40.0, 276]
