Game 1
38799
50500
52418
64208
62611
46975
41485
50892
55410
53727
66281
26234
72618
26624
67536
34551
71475
48707
78168
71242
98425
109653
119627
0
['s', 'w', 25, 161, 55, 59, 29, 45, 19, 51, 'a', 133, 165, 129, 109, 111, 123, 187, 97, 185, 37, 213, 177]
Game 2
38722
51120
52766
59614
58655
48313
41516
54338
53694
57464
67332
27834
81184
28010
93362
33626
93481
56755
103318
64769
77435
73334
62778
81459
102022
142759
0
['s', 'w', 23, 159, 61, 57, 19, 39, 'd', 11, 141, 221, 13, 'a', 209, 171, 163, 's', 257, 189, 65, 235, 'w', 15, 181, 145]
