Game 1
38795
50828
53209
62281
51192
54803
53064
55330
49567
52474
55405
63366
28720
69495
39079
86783
66392
108642
90644
127567
157019
175020
1
['s', 'w', 25, 161, 21, 157, 29, 165, 17, 187, 99, 235, 117, 59, 45, 123, 103, 71, 55, 199, 63, 259, 40, 212, 38, 178, 36, 176, 70, 174, 104, 172, 138, 104.0, 172, 138.0, 174, 140.0, 208, 142.0, 242, 144.0, 240, 110.0, 274]
Game 2
38138
50954
54093
51646
50308
51451
51206
48912
47415
46660
46142
47105
47969
44389
42390
45977
47312
50953
53876
54801
57301
57013
64651
71494
42563
69406
91411
95037
1
['s', 'w', 25, 263, 21, 259, 29, 267, 17, 255, 'd', 'd', 'd', 'd', 's', 'w', 65, 201, 61, 197, 57, 193, 53, 189, 153, 141, 71, 77, 114, 214, 148, 212, 146, 210, 144, 208, 110, 206, 108, 204, 106, 170, 140, 172, 174, 140, 172, 138, 170, 104, 204, 70, 238, 68, 240, 34, 242, 36, 244, 38, 246, 40, 248, 42, 250, 44, 252, 46, 254, 48, 288]
